1
2
3
4
5
6
7
8
9
10
11
12
13
14,17642,17643,17644,17645,17646,17647,17648,17649,17650,17651,17652,17653,17654,17655,17656,17657,17658,17659,17660,17661,17662,17663,17664,17665,17666,17667,17668,17669,17670,17671,17672,17673,17674,17675,17676,17677,17678,17679,17680,17681,17682,17683,17684,17685,17686,17687,17688,17689,17690,17691,17692,17693,17694,17695,17696,17697,17698,17699,17700,17701,17702,17703,17704,17705,17706,17707,17708,17709,17710,17711,17712,17713,17714,17715,17716,17717,17718,17719,17720,17721,17722,17723,17724,17725,17726,17727,17728,17729,17730,17731,17732,17733,17734,17735,17736,17737,17738,17739,17740,17741,17742,17743,17744,17745,17746,17747,17748,17749,17750,17751,17752,17753,17754,17755,17756,17757,17758,17759,17760,17761,17762,17763,17764,18243,18244,18245,18246,18247,18248,18249,18250,18251,18252,18886,18887,18888,18889,18890,18891,18892,18893,18894,18895,18896,18897,18898,18899,18900,18901,18902,18903,18904,18905,18906,18907,18908,18909,18910,18911,18912,18913,18914,18915,18916,18917,18918,18919,18920,18921,18922,18923,18924,18925,18926,18927,18928,18929,18930,18931,18932,18933,18934,18935,18936,18937,18938,18939,18940,18941,18942,18943,18944,18945,18946,18947,18948,18949,18950,18951,18952,18953
15
16
17
18
19
20
21
22
23
24
25,37646,37647,37648,37649,37650,37651,37652,37653,37654,37655,37656,37657,37658,37659,37660,37661,37662,37663,37664,37665,37666,37667,37668,37669,37670,37671,37672,37673,37674,37675,37676,37677,37678,37679,37680,37681,37682,37683,37684,37685,37686,37687,37688,37689,37690,37691,37692,37693,37694,37695,37696,37697,37698,37699,37700,37701,37702,37703,37704,37705,37706,37707,37708,37709,37710,37711,37731,37732,37733,37734,37735,37736,37737,37738,37739,37740,37741,37742,37743,37744,37745,37746,37747,37748,37749,37750,37751,38507,38508,38509,38510,38511,38512,38513,38514,38900,38901,38902,38903,38904,38905,38906,38907,38908,38909,38910,38911,38912,39223,39224,39225,39226,39227,39228,39229,39230,39231,39232,39233,39234,39235,39236,39237,39238,39239,39240,39241,39242,39243,39244,39245,39246,39247,39248,39249,39250,39251,39252,39253,39254,39255,39256,39257,39258,39259,39260,39261,39262,39263,39264,39265,39266,39267,39268,39269,39270,39271,39272,39273,39274,39275,39276,39277,39278,39279,39280,39281,39282,39283,39284,39285,39286,39287,39288,39289,39290,39291,39292,39293,39294,39295,39296,39297,39298,39299,39300,39301,39302,39303,39304,39305,39306,39307,39308,39309,39310,39311,39312,39313,39314,39315,39316,39317
