1
2
3
4
5
6
7
8
9
10,24855,24856,24857,24891,24892,24893,24894,24895,24896,24897,24898,24899,24900,24901,24902,24903,24904,24905,24906,24907,24908,24909,24910,24911,24912,24913,24914,24915,24916,24917,24918,24919,24920,24921,24922,24923,24924,24925,24926,24927,24928,24929,24930,24931,24932,24933,24934,24935,24936,24937,24938,24939,24940,24941,24942,24943,24944,24945,24946,24947,24948,24949,24950,24951,24952,24953,24954,24955,24956,24957,24958,24959,24960,24961,24962,24963,24964,24965,24966,24967,24968,24969,24970,24971,24972,24973,24974,24975,24976,24977,24984,24985,24986,24987,24988,24989,24990,24991,24992,24993,24994,24995,24996,24997,24998,24999,25000,25001,25002,25003,25004,25005,25006,25013,25014,25015,25016,25017,25018,25019,25020,25021,25022,25023,25024,25025,25026,25027,25028,25029,25030,25031,25032,25033,25034,25035,25036,25037,25038,25039,25040,25041,25042,25043,25044,25045,25046,25047,25048,25049,25050,25051,25052,25053,25054,25055,25056,25057,25058,25059,25060,25061,25062,25063,25064,25065,25066,25067,25068,25069,25070,25071,25072,25073,25074,25075,25076,25077,25078,25079,25080,25081,25082,25083,25084,25085,25086,25087,25088,25089,25090,25091,25092,25093,25094,25095,25096,25097,25098,25099,25100,25101,25102,25103,25104,25105,25106,25107,25108,25109,25110,25111,25112,25113,25114,25115,25116,25117,25118,25119,25120,25121,25122,25123,25124,25125,25126,25127,25128,25129,25130,25131,25132,25133,25134,25135,25136,25137,25138,25139,25140,25141,25142,25143,25144,25145,25146,25147,25148,25149,25150,25151,25152,25153,25154,25155,25199,25200,25201,25202,25203,25204,25205,25206,25207,25208,25209,25210,25211,25212,25213,25214,25215,25216,25217,25218,25219,25220,25221,25222,25223,25224,25225,25226,25227,25228,25229,25230,25231,25232,25233,25234,25235,25236,25237,25238,25239,25240,25241,25242,25243,25244,25245,25246,25247,25248,25249,25250,25251,25252,25253,25254,25255,25256,25257,25258,25259,25260,25261,25262,25263,25264,25265,25266,25267,25268,25269,25289,25290,25291,25292,25293,25294,25295,25296,25297,25298,25299,25300,25301,25302,25303,25304,25305,25306,25307,25308,25309,25310,25311,25312,25313,25314,25315,25316,25317,25318,25319,25320,25321,25322,25323,25324,25325,25326,25327,25328,25329,25330,25331,25332,25333,25334,25335,25336,25337,25338,25339,25340,25341,25342,25343,25344,25345,25346,25347,25348,25349,25350,25351,25352,25353,25354,25355,25356,25357,25358,25359,25360,25373,25374,25375,25376,25377,25378,25379,25380,25381,25382,25383,25384,25385,25386,25387,25388,25389,25390,25391,25392,25393,25394,25395,25396,25397,25398,25399,25400,25401,25402,25403,25404,25405,25406,25407,25408,25409,25410,25411,25412,25413,25414,25415,25416,25417,25418
11
12
13
14
15
16
17
18
19,65828,65829,65830,65831,65832,65833,65834,65835,65836,65837,65838,65839,65840,65841,65842,65843,65844,65845,65846,65847,65848,65849,65850,65851,65852,65853,65870,65871,65872,65873,65874,65875,65876,65877,65878,65879,65880,65881,65882,65883,65884,65885,65886,65887,65888,65889,65890,65891,65892
20
21
22
23
24
25,19690,19691,19692,19693,19694,19695,19696,19697,19698,19699,19700,19701,19702,19703,19704,19705,19706,19707,19708,19709,19710,19711,19712,19713,19714,19715,19716,19717,19718,19719,19720,19721,19722,19723,19724,19725,19726,19727,19728,19729,19730,19744,19745,19746,19747,19748,19749,19750,19751,19752,19761,19762,19763,19764,19765,19766,19767,19768,19769,19770,19771,19772,19773,19774,19775,19776,19777,19778,19779,19780,19781,19782,19783,19784,19801,19802,19803,19804,19805,19806,19807,19808,19809,19810,19811,19812,19813,20726,20727,20728,20729,20730,20731,20732,20733,20734,20735,20736,20737,20738,20739,20740,20741,20742,20743,20744,20745,20746,20747,20748,20749,20750,20751,20752,20753,20754,20755,20756,20757,20758,20759,20760,20761,20762,20763,20764,20765,20766,20767,20768,20769,20770,20771,20772,20773,20774,20775,20776,20777,20778,20779,20780,20781,20782,20783,20784,20785,20786,20787,20788,20789,20790,20791,20792,20793,20794,20795,20796,20797,20798,20799,20800,20801,20802,20803,20804,20805,20806,20807,20808,20809,20810,20811,20812,20813,20814,20815,20816,20817,20818,20819,20820,20821,20822,20823,20824,20825,20826,20827,20828,20829,20830,20831,20832,20833,20834,20835,20836,20837,20838,20839,20840,20841,20842,20843,20844,20845,20846,20847,20848,20849,20850,20851,20852,20853,20854,20855,20856,20857,20858,20859,20860,20861,20862,20863,20864,20865,20866,20867,20868,20869,20870,20871,20872,20873,20874,20875,20876,20877,20878,20879,20880,20881,20882,20883,20884,20885,20886,20887,20888,20889,20890,20891,20892,20893,20894,23409,23410,23411,23412,23413,23414,23415,23416,23417,23418,23419,23420,23421,23422,23423,23424,23425,23426,23427,23428,23429,23430,23431,23432,23433,23434,23435,23436,23437,23438,23439,23440,23441,23442,23443,23444,23445,23446,23447,23448,23449,23450,23451,23452,23453,23454,23455,23456,23457,23458,23459,23460,23461,23462,23463,23464,23465,23466,23467,23468,23469,23470,23471,23472,23473,23474,23475,23476,23477,23478,23479,23480,23481,23482,23483,23484,23485,23486,23487,23488,23489,23490,23491,23492,23493,23494,23495,23496,23497,23498,23499,23500,23501,23502,23503,23504,23505,23506,23507,23508,23509,23510,23511,23512,23513,23514,23515,23516,23517,23518,23519,23520,23521,23522,23523,23524,23525,23526,23527,23528,23529,23530,23531,23532,23533,23534,23535,23536,23537,23538,23539,23540,23541,23542,23543,23544,23545,23546,23547,23548,23549,23550,23551,23552,23553,23554,23555,23556,23557,23558,23559,23560,23561,23562,23563,23564,23565,23566,23567,23568,23569,23570,23571,23572,23573,23574,23575,23576,23577,23578,23579,23580,23581,23582,23583,23584,23585,23586,23587,23588,23589,23590,23591,23592,23593,23594,23595,23596,23597,23598,23599,23600,23601,23602,23603,23604,23605,23606,23607,23608,23609,23610,23611,23612,23613,23614,23615,23616,23617,23618,23619,23620,23621,23622,23623,23624,23625,23626,23627,23628,23629,23630,23631,23632,23633,23634,23635,23636,23637,23638,23639,23640,23641,23642,23643,23644,23645,23646,23647,23648,23649,23650,23651,23652,23653,23654,23655,23656,23657,23658,23659,23660,23661,23662,23663,23664,23665,23666,23667,23668,23669,23670,23671,23672,23673,23674,23675,23676,23677,23678,23679,23680,23681,23682,23683,23684,23685,23686,23687,23688,23689,23690,23691,23692,23896,23897,23898,23899,23900,23901,23902,23903,23904,23905,23906,23907,23908,23909,23910,23911,23912,23913,23914,23915,23916,23917,23918,23919,23920,23921,23922,23923,23924,23925,23926,23927,23928,23929,23930,23931,23932,23933,23934,23935,23936,23937,23938,23939,23940,23941,23942,23943,23944,23945,23946,23947,23948,23949,23950,23951,23952,23953,23954,23955,23956,23957,23958,23959,23960,23961,23962,23963,23964,23965,23966,23967,23968,23969,23970,23971,23972,23973,23974,23975,23976,23977,23978,23979,23980,23981,23982,23983,23984,23985,23986,23987,23988,23989,23990,23991,23992,23993,23994,23995,23996,23997,23998,23999,24000,24001,24002,24003,24004,24005,24006,24007,24008,24009,24010,24011,24012,24013,24014,24015,24016,24017,24018,24019,24020,24021,24022,24023,24024,24025,24026,24027,24028,24029,24030,24144,24145,24146,24147,24148,24149,24150,24151,24152,24153,24154,24155,24156,24157,24158,24159,24160,24161,24162,24163,24164,24165,24166,24167,24168,24169,24170,24171,24172,24173,24174,24175,24176,24177,24178,24179,24180,24181,24182,24183,24184,24185,24186,24187,24188,24189,24190,24191,24192,24193,24194,24195,24196,24197,24198,24199,24200,24201,24202,24203,24204,24205,24206,24207,24208,24209,24210,24211,24212,24213,24214,24215,24216,24217,24218,24219,24220,24221,24222,24223,24224,24225,24226,24227,24228,24229,24230,24231,24232,24233,24234,24235,24236,24237,24238,24239,24240,24241,24242,24243,24244,24245,24246,24247,24248,24249,24250,24251,24252,24253,24254,24255,24256,24257,24258,24259,24260,24261,24262,24263,24264,24265,24266,24267,24268,24269,24270,24271,24272,24273,24274,24275,24276,24277,24278,24279,24280,24281,24282,24283,24284,24285,24286,24287,24288,24289,24290,24291,24292,24293,24294,24295,24296,24297,24298,24299,24300,24301,24302,24303,24304,24305,24306,24307,24308,24309,24310,24311,24312,24313,24314,24315,24316,24317,24318,24319,24320,24321,24322,24323,24324,24325,24326,24327,24328,24329,24330,24331,24332,24333,24334,24335,24336,24337,24338,24339,24340,24341,24342,24343,24344,24345,24346,24347,24348,24349,24350,24351,24352,24353,24354,24355,24356,24357,24358,24359,24360,24361,24362,24363,24364,24365,24366,24367,24368,24369,24370,24371,24372,24373,24374,24375,24376,24377,24378,24379,24380,24381,24382,24383,24384,24385,24386,24496,24497,24498,24499,24500,24501,24502,24503,24504,24505,24506,24507,24508,24509,24510,24511,24512,24513,24514,24515,24516,24517,24518,24519,24520,24521,24522,24523,24524,24525,24526,24527,24528,24529,24530,24531,24532,24533,24534,24535,24536,24537,24538,24539,24540,24541,24542,24543,24544,24545,24546,24547,24548,24549,24550,24551,24552,24553,24554,24555,24556,24557,24558,24559,24560,24561,24562,24563,24564,24565,24566,24567,24568,24569,24570,24571,24572,24573,24574,24575,24576,24577,24578,24579,24580,24581,24582,24583,24584,24585,24586,24587,24588,24589,24590,24591,24592,24593,24594,24595,24596,24597,24598,24599,24600,24601,24602,24603,24604,24605,24606,24607,24608,24609,24610,24611,24612,24613,24614,24615,24616,24617,24618,24619,24620,24621,24622,24623,26146,26147,26148,26149,26150,26151,26152,26153,26154,26155,26156,26157,26158,26159,26160,26161,26162,26163,26164,26165,26166,26167,26168,26169,26170,26171,26172,26173,26174,26175,26176,26177,26178,26179,26180,26181,26182,26183,26184,26185,26186,26187,26188,26189,26190,26191,26192,26193,26194,26195,26196,26197,26198,26199,26200,26201,26202,26203,26204,26205,26206,26207,26208,26209,26210,26211,26212,26213,26214,26215,26216,26217,26218,26219,26220,26221,26222,26223,26224,26225,26226,26227,26228,26229,26230,26231,26232,26233,26234,26235,26236,26237,26238,26239,26240,26241,26242,26243,26244,26245,26246,26247,26248,26249,26250,26251,26252,26253,26254,26255,26256,26257,26258,26259,26260,26261,26262,26263,26264,26265,26266,26267,26268,26269,26270,26271,26272,26273,26274,26275,26276,26277,26278,26279,26280,26281,26282,26283,26284,26285,26286,26287,26288,26289,26290,26291,26292,26293,26294,26295,26296,26297,26298,26299,26300,26301,26302,26303,26304,26305,26306,26307,26308,26309,26310,26311,26312,26313,26314,26315,26316,26317,26318,26319,26320,26321,26322,26323,26324,26325,26326,26327,26328,26329,26330,26331,26332,26333,26334,26335,26336,26337,26338,26339,26340,26341,26342,26343,26344,26345,26346,26347,26348,26349,26350,26351,26352,26353,26354,26355,26356,26357,26358,26359,26360,26361,26362,26363,26364,26365,26366,26367,26368,26369,26370,26371,26372,26373,26374,26375,26376,26377,26378,26379,26380,26381,26382,26383,26384,26385,26386,26387,26388,26389,26390,26391,26392,26393,26394,26395,26396,26397,26398,26399,26400,26401,26402,26403,26404,26405,26406,26407,26408,26409,26410,26411,26412,26413,26414,26415,26416,26417,26418,26419,26420,26421,26422,26423,26424,26425,26426,26427,26428,26429,26430,26431,26432,26433,26434,26435,26436,26437,26438,26439,26440,26441,26442,26443,26444,26445,26446,26447,26448,26449,26450,26609,26610,26611,26612,26613,26614,26615,26616,26617,26618,26619,26620,26621,26622,26623,26624,26625,26626,26627,26628,26629,26630,26631,26632,26633,26634,26635,26636,26637,26638,26639,26640,26641,26642,26643,26644,26645,26646,26647,26648,26649,26650,26651,26652,26653,26654,26655,26656,26657,26658,26659,26660,26661,26662,26663,26664,26665,26666,26667,26668,26669,26670,26671,26672,26673,26674,26675,26676,26677,26678,26679,26680,26681,26682,26683,26684,26685,26686,26687,26688,26689,26690,26691,26692,26693,26694,26695,26696,26697,26698,26699,26700,26701,26702,26703,26704,26705,26706,26707,26708,26709,26710,26711,26712,26713,26714,26715,26716,26717,26718,26719,26720,26721,26722,26723,26724,26725,26726,26727,26728,26729,26730,26731,26732,26733,26734,26735,26736,26737,26738,26739,26740,26741,26742,26743,26744,26745,26746,26747,26748,26749,26750,26751,26752,26753,26754,26755,26756,26757,26758,26759,26760,26761,26762,26763,26764,26765,26766,26767,26768,26769,26770,26771,26772,26773,26774,26775,26776,26777,26778,26779,26780,26781,26782,26783,26784,26785,26786,26787,26788,26789,26790,26791,26792,26793,26794,26795,26796,26797,26798,26799,26800,26801,26802,26803,26804,26805,26806,26807,26808,26809,26810,26811,26812,26813,26814,26815,26816,26817,26818,26819,26820,26821,26822,26823,26824,26825,26826,26827,26828,26829,26830,26831,26832,26833,26834,26835,26836,26837,26838,26839,26840,26841,26842,26843,26844,26845,26846,26847,26848,26849,26850,26851,26852,26853,26854,26855,26856,26857,26858,26859,26860,26861,26862,26863,26864,26865,26866,26867,26868,26869,26870,26871,26872,26873,26874,26875,26876,26877,26878,26879,26880,26881,26882,26883,26884,26885,26886,26887,26888,26889,26890,26891,26892,26893,26894,26895,26896,26897,26898,26899,26900,26901,26902,26903,26904,26905,26906,26907,26908,26909,26910,26911,26912,26913,26914,26915,26916,26917,26918,26919,26920,26921,26922,26923,26924,26925,26926,26927,26928,26929,26930,26931,26932,26933,26934,26935,26936,26937,26938,26939,26940,26941,26942,26943,26944,26945,26946,26947,26948,26949,26950,26951,26952,26953,26954,26955,26956,26957,26958,26959,26960,26961,26962,26963,26964,26965,26966,26967,26968,26969,26970,26971,26972,26973,26974,26975,26976,26977,26978,26979,26980,26981,26982,26983,26984,26985,26986,26987,26988,26989,26990,26991,26992,26993,26994,26995,26996,26997,26998,26999,27000,27001,27002,27003,27004,27005,27006,27007,27008,27009,27010,27011,27012,27013,27014,27015,27016,27017,27018,27019,27020,27021,27022,27023,27024,27025,27026,27027,27028,27029,27030,27031,27032,27033,27034,27035,27036,27037,27038,27163,27164,27165,27166,27167,27168,27169,27170,27171,27172,27173,27174,27175,27176,27177,27178,27179,27180,27181,27182,27183,27184,27185,27186,27187,27188,27189,27190,27191,27192,27193,27194,27195,27196,27197,27198,27199,27200,27201,27202,27203,27204,27205,27206,27207,27208,27209,27210,27211,27212,27213,27214,27215,27216,27217,27218,27219,27220,27221,27222,27223,27224,27225,27226,27227,27228,27229,27230,27231,27232,27233,27234,27235,27236,27237,27238,27239,27240,27241,27242,27243,27244,27245,27246,27247,27248,27249,27250,27251,27252,27253,27254,27255,27256,27257,27258,27259,27260,27261,27262,27263,27264,27265,27266,27267,27268,27269,27270,27271,27272,27273,27274,27275,27276,27277,27278,27279,27280,27281,27282,27283,27284,27285,27286,27287,27288,27289,27290,27291,27292,27293,27294,27295,27296,27297,27298,27299,27300,27301,27302,27303,27304,27305,27306,27307,27308,27309,27310,27311,27312,27313,27314,27315,27316,27317,27318,27319,27320,27321,27322,27323,27324,27325,27326,27327,27328,27329,27330,27331,27332,27333,27334,27335,27336,27337,27338,27339,27340,27341,27342,27343,27344,27345,27346,27347,27348,27349,27350,27351,27352,27353,27354,27355,27356,27357,27358,27359,27360,29002,29003,29004,29005,29006,29007,29008,29009,29010,29011,29012,29013,29014,29015,29016,29017,29018,29019,29020,29021,29022,29023,29024,29025,29026,29027,29028,29029,29030,29031,29032,29033,29034,29035,29036,29037,29038,29039,29040,29041,29042,29043,29044,29045,29046,29047,29048,29049,29050,29051,29052,29053,29054,29055,29056,29057,29058,29059,29060,29061,29062,29063,29064,29065,29066,29067,29068,29069,29070,29071,29072,29073,29074,29075,29076,29077,29078,29079,29080,29081,29082,29083,29084,29085,29086,29087,29088,29089,29090,29091,29092,29093,29094,29095,29096,29097,29098,29099,29100,29101,29102,29103,29104,29105,29106,29107,29108,29109,29110,29111,29112,29113,29114,29115,29116,29117,29118,29119,29120,29121,29122,29123,29124,29125,29126,29127,29128,29129,29130,29131,29132,29133,29134,29135,29136,29137,29138,29139,29140,29141,29142,29143,29144,29145,29146,29147,29148,29149,29150,29151,29152,29153,29154,29155,29156,29157,29158,29159,29160,29161,29162,29163,29164,29165,29166,29167,29168,29169,29170,29171,29172,29173,29174,29175,29176,29177,29178,29179,29180,29181,29182,29183,29184,29185,29186,29187,29188,29189,29190,29191,29192,29193,29194,29195,29196,29197,29198,29199,29200,29201,29202,29203,29204,29205,29206,29207,29208,29209,29210,29211,29212,29213,29214,29215,29216,29217,29218,29219,29220,29221,29222,29223,29224,29225,29226,29227,29228,29229,29230,29231,29232,29233,29234,29235,29236,29237,29238,29239,29240,29241,29242,29243,29244,29245,29246,29247,29248,29249,29250,29251,29252,29253,29254,29255,29256,29257,29258,29259,29260,29261,29262,29263,29264,29265,29266,29267,29268,29269,29270,29271,29272,29273,29274,29275,29276,29277,29278,29279,29280,29281,29282,29283,29284,29285,29286,29287,29288,29289,29290,29291,29292,29293,29294,29295,29296,29297,29298,29299,29300,29301,29302,29303,29304,29305,29306,29307,29308,29309,29310,29311,29312,29313,29314,29315,29316,29317,29318,29319,29320,29321,29322,29323,29324,29325,29326,29327,29328,29329,29330,29331,29332,29333,29334,29335,29336,29337,29338,29339,29340,29341,29342,29343,29344,29345,29346,29347,29348,29349,29350,29351,29352,29353,29354,29549,29550,29551,29552,29553,29554,29555,29556,29557,29558,29559,29560,29561,29562,29563,29564,29565,29566,29567,29568,29569,29570,29571,29572,29573,29574,29575,29576,29577,29578,29579,29580,29581,29582,29583,29584,29585,29586,29587,29588,29589,29590,29591,29592,29593,29594,29595,29596,29597,29598,29599,29600,29601,29602,29603,29604,29605,29606,29607,29608,29609,29610,29611,29612,29613,29614,29615,29616,29617,29618,29619,29620,29621,29622,29623,29624,29625,29626,29627,29628,29629,29630,29631,29632,29633,29634,29635,29636,29637,29638,29639,29640,29641,29642,29643,29644,29645,29646,29647,29648,29649,29650,29651,29652,29653,29654,29655,29656,29657,29658,29659,29660,29661,29662,29663,29664,29665,29666,29667,29668,29669,29670,29671,29672,29673,29674,29675,29676,29677,29678,29679,29680,29681,29682,29683,29684,29685,29686,29687,29688,29689,29690,29691,29692,29693,29694,29695,29696,29697,29698,29699,29700,29701,29702,29703,29704,29705,29706,29707,29708,29709,29710,29711,29712,29713,29714,29715,29716,29717,29718,29719,29720,29721,29722,29723,29724,29725,29726,29727,29728,29729,29730,29731,29732,29733,29734,29735,29736,29737,29738,29739,32486,32487,32488,32489,32490,32491,32492,32493,32494,32495,32496,32497,32498,32499,32500,32501,32502,32503,32504,32505,32506,32507,32508,32509,32510,32511,32512,32513,32514,32515,32516,32517,32518,32519,32520,32521,32522,32523,32524,32525,32526,32527,32528,32529,32530,32531,32532,32533,32534,32535,32536,32537,32538,32539,32540,32541,32542,32543,32544,32545,32546,32547,32548,32549,32550,32551,32552,32553,32554,32555,32556,32557,32558,32559,32560,32561,32562,32563,32564,32565,32566,32567,32568,32569,32570,32571,32572,32573,32574,32575,32576,32577,32578,32579,32580,32581,32582,32583,32584,32585,32586,32587,32588,32589,32590,32591,32592,32593,32594,32595,32596,32597,32598,32599,32600,32601,32602,32603,32604,32605,32606,32607,32608,32609,32610,32611,32612,32613,32614,32615,32616,32617,32618,32619,32620,32621,32622,32623,32624,32625,32626,32627,32628,32629,32630,32631,32632,32633,32634,32635,32636,32637,32638,32639,32640,32641,32642,32643,32644,32645,32646,32647,32648,32649,32650,32651,32652,32653,32654,32655,32656,32657,32658,32659,32660,32661,32662,32663,32664,32665,32666,32667,32668,32669,32670,32671,32672,32673,32674,32675,32676,32677,32678,32679,32680,32681,32682,32683,32684,32685,32686,32687,32688,32689,32690,32691,32692,32693,32694,32695,32696,32697,32698,32699,32700,32701,32702,32703,32704,32705,32706,32707,32708,32709,32710,32711,32712,32713,32714,32715,32716,32717,32718,32719,32720,32721,32722,32723,32724,32725,32726,32727,32728,32729,32730,32731,32732,32733,32734,32735,32736,32737,32738,32739,32740,32741,32742,32743,32744,32745,32746,32747,32748,32749,32750,32751,32752,32753,32754,32755,32756,32757,32758,32759,32760,32761,32762,32763,32764,32765,32766,32767,32768,32769,32770,32771,32772,32773,32774,32775,32776,32777,32778,32779,32780,32781,32782,32783,32784,32785,32786,32787,32788,32789,32790,32791,32792,32793,32794,32795,32796,32797,32798,32799,32800,32801,32802,32803,32804,32805,32806,32807,32808,32809,32810,32811,32812,32813,32814,32815,32816,32817,32818,32819,32820,32821,32822,32823,32824,32825,32826,32827,32828,32829,32830,32831,32832,32833,32834,32835,32836,32837,32838,32839,32840,32841,32842,32843,32844,32845,32846,32847,32848,32849,32850,32851,32852,32853,32854,32855,32856,32857,32858,32859,32860,32861,32862,32863,32864,32865,32866,32867,32868,32869,32870,32871,32872,32873,32874,32875,32876,32877,32878,32879,32880,32881,32882,32883,32884,32885,32886,32887,32888,32889,32890,32891,32892,32893,32894,32895,32896,32897,32898,32899,32900,32901,32902,32903,32904,32905,32906,32907,32908,32909,32910,32911,32912,32913,32914,32915,32916,32917,32918,32919,32920,32921,32922,32923,32924,32925,32926,32927,32928,32929,32930,32931,32972,32973,32974,32975,32976,32977,32978,32979,32980,32981,32982,32983,32984,32985,32986,32987,32988,32989,32990,32991,32992,32993,32994,32995,32996,32997,32998,32999,33000,33001,33002,33003,33004,33005,33006,33007,33008,33009,33010,33011,33012,33013,33014,33015,33016,33017,33018,33019,33020,33021,33022,33023,33024,33025,33026,33027,33028,33029,33030,33031,33032,33033,33034,33035,33036,33037,33038,33675,33676,33677,33678,33679,33680,33681,33682,33683,33684,33685,33686,33687,33688,33689,33690,33691,33692,33693,33694,33695,33696,33697,33698,33699,33700,33701,33702,33703,33704,33705,33706,33707,33708,33709,33710,33711,33712,33713,33714,33715,33716,33717,33718,33719,33720,33721,33722,33723,33724,33725,33726,33727,33728,33729,33730,33731,33732,33733,33734,33735,33736,33737,33738,33739,33740,33741,33742,33743,33744,33745,33746,33747,33748,33749,33750,33751,33752,33753,33754,33755,33756,33757,33758,33759,33760,33761,33762,33763,33764,33765,33766,33767,33768,33769,33770,33771,33772,33773,33774,33775,33776,33777,33778,33779,33780,33781,33782,33783,33784,33785,33786,33787,33788,33789,33790,33791,33792,33793,33794,33795,33796,33797,33798,33799,33800,33801,33802,33803,33804,33805,33806,33807,33808,33809,33810,33811,33812,33813,33814,33815,33816,33817,33818,33819,33820,33821,33822,33823,33824,33825,33826,33827,33828,33829,33830,33831,33832,33833,33834,33835,33836,33837,33838,33839,33840,33841,33842,33843,33844,33845,33846,33847,33848,33849,33850,33851,33852,33853,33854,33855,33856,33857,33858
