1
2
3
4
5
6
7
8,24360,24361,24362,24363,24364,24365,24366,24367,24368,24369,24370,24371,24372,24373,24374,24375,24376,24377,24378,24379,24380,24381,24382,24383,24384,24385,24386,24410,24411,24412,24413,24414,24415,24416,24417,24418,24419,24420,24421,24422,24423,24424,24425,24426,24427,24428,24429,24430,24431,24432,24433,24434,24435,24436,24437,24438,24439,24440,24441,24442,24443,24444,24445,24446,24447,24448,24449,24450,24451,24452,24453,24454,24455,24456,24457,24458,24459,24460,24461,24462,24463,24464,24465,24466,24467,24468,24469,24470,24471,24472,24473,24474,24475,24476,24477,24478,24479,24480,24481,24482,24483,24484,24485,24486,24487,24488,24489,24490,24491,24492,24493,24494,24495,24496,24497,24498,24499,24500,24501,24502,24503,24504,24505,24506,24507,24508,24509,24510,24511,24512,24513,24514,24515,24516,24517,24518,24519,24520,24521,24522,24523,24524,24525,24526,24527,24528,24529,24530,24531,24532,24533,24534,24535,24536,24537,24538,24539,24540,24541,24542,24543,24544,24545,24546,24547,24575,24576,24577,24578,24579,24580,24581,24582,24583,24584,24585,24586,24587,24588,24589,24590,24591,24592,24593,24594,24595,24596,24597,24598,24599,24600,24601,24602,24603,24604,24605,24606,24607,24608,24609,24610,24611,24612,24613,24614,24615,24616,24617,24618,24619,24620,24621,24622,24623,24624,24625,24626,24627,24628,24629,24630,24631,24632,24633,24634,24635,24636,24637,24638,24639,24640,24641,24642,24643,24644,24645,24646,24647,24648,24649,24650,24651,24652,24653
9
10
11
12
13
14,19377,19378,19379,19380,19381,19382,19383,19384,19385,19386,19387,19388,19389,19390,19391,19392,19393,19394,19395,19396,19397,19398,19399,19400,19401,19402,19403,19404,19405,19406,19424,19425,19426,19427,19428,19429,19430,19431,19432,19433,19434,19435,19436,19437,19438,19439,19440,19441,19442,19443,19444,19445,19453,19454,19455,19456,19457,19458,19459,19460,19461,19462,19463,19464,19465,19466,19467,19468,19469,19470,19471,19472,19473,19474,19475,19476,19477,19478,19479,19480,19481,19482,19483,19484,19485,19486,19487,19488,19489,19490,19491,19492,19493,19494,19495,19496,19497,19498,19499,19500,19501,19502,19503,19504,19505,19506,19507,19508,19509,19510,19511,19512,19513,19514,19515,19516,19517,19518,19519,19520,19521,19522,19523,19524,19525,19526,19527,19528,19529,19530,19531,19532,19533,19534,19535,19536,19537,19538,19539,19540,19577,19578,19579,19580,19581,19582,19583,19584,19585,19586,19587,19588,19589,19590,19591,19592,19593,19594
15
16
17
18
19,40027,40028,40029,40030,40031,40032,40033,40034,40035,40036,40037,40038,40039,40040,40041,40042,40043,40044,40045,40046,40047,40048,40049,40050,40051,40052,40053,40054,40055,40056,40057,40058,40059,40060,40061,40062,40063,40064,40065,40066,40067,40068,40069,40070,40071,40072,40073,40074,40075,40076,40077,40078,40079,40080,40081,40082,40083,40084,40085,40086,40087,40088,40089,40090,40091,40092,40093,40094,40095,40096,40097,40098,40099,40100,40101,40102,40103,40104,40105,40106,40107,40108,40109,40110,40111,40112,40113,40114,40115,40116,40117,40118,40119,40120,40121,40122,40123,40124,40125,40126,40127,40128,40129,40130,40131,40132,40133,40134,40135,40136,40137,40138,40139,40140,40141,40142,40143,40144,40145,40146,40147,40148,40149,40150,40151,40152,40153,40154,40155,40156,40157,40158,40159,40160,40161,40162,40163,40164,40165,40166,40167,40168,40169,40170,40171,40172,40173,40174,40175,40176,40177,40178,40179,40180,40181,40182,40183,40184,40185,40186,40187,40188,40189,40190,40191,40192,40193,40194,40195,40196,40197,40198,40199,40200,40201,40202,40203,40204,40205,40206,40207,40208,40209,40210,40211,40212,40213,40214,40215,40216,40217,40218,40219,40220,40221,40222,40223,40224,40225,40226,40227,40228,40229,40230,40231,40232,40233,40234,40235,40236,40237,40238,40239,40240,40241,40242,40243,40244,40245,40246,40247,40248,40249,40250,40251,40252,40253,40254,40255,40256,40257,40258,40259,40260,40261,40262,40334,40335,40336,40337,40338,40339,40340,40341,40342,40343,40344,40345,40346,40347,40348,40349,40350,40351,40352,40353,40354,40355,40356,40357,40358,40359,40360,40361,40362,40363,40364,40365,40366,40367,40368,40369,40370,40371,40372,40373,40374,40375,40376,40377,40378,40379,40380,40381,40382,40383,40384,40385,40386,40387,40388,40389,40390,40391,40392,40393,40394,40395,40396,40397,40398,40399,40400,40401,40402,40403,40404,40405,40406,40407,40408,40409,40410,40411,40412,40413,40414,40415,40416,40417,40418,40419,40420,40421,40422,40423,40424,40425,40426,40427,40428,40429,40430,40431,40432,40433,40434,40435,40436,40437,40438,40439,40440,40441,40442,40443,40444,40445,40446,40447,40448,40449,40450,40451,40452,40453,40454,40455,40456,40457,40458,40459,40460,40461,40462,40463,40464,40465,40466,40467,40468,40469,40470,40471,40472,40473,40474,40475,40476,40477,40478,40479,40480,40481,40482,40483,40484,40485,40486,40487,40488,40489,40490,40491,40492,40493,40494,40495,40496,40497,40498,40499,40500,40501,40502,40503,40504,40505,40506,40507,40508,40509,40510,40511,40512,40513,40514,40515,40516,40517,40518,40519,40520,40521,40522,40523,40524,40525,40526,40527,40528,40529,40530,40531,40532,40533,40534,40535,40536,40537,40538,40539,40540,40541,40542,40543,40544,40545,40546,40547,40548,40549,40550,40551,40552,40553,40554,40555,40556,40557,40558,40559,40560,40561,40562,40563,40564,40565,40566,40567,40568,40569,40570,40571,40572,40573,40574,40575,40576,40577,40578,40579,40580,40581,40582,40583,40584,40585,40586,40587,40588,40589,40590,40591,40592,40593,40594,40595,40596,40597,40598,40599,40600,40601,40602,40603,40604,40605,40606,40607,40608,40609,40610,40611,40612,40613,40614,40615,40616,40617,40618,40619,40620,40621,40622,40623,40624,40625,40626,40627,40628,40629,40630,40631,40632,40633,40634,40635,40636,40637,40638,40639,40640,40641,40642,40643,40644,40645,40646,40647,40648,40649,40650,40651,40652,40653,40654,40655,40656,40657,40658,40659,40660,40661,40662,40663,40664,40665,40666,40667,40668,40669,40670,40671,40672,40673,40674,40675,40676,40677,40678,40679,40680,40681,40682,40683,40684,40685,40686,40687,40688,40689,40690,40691,40692,40693,40694,40695,40696,40697,40698,40699,40700,40701,40702,40703,40704,40705,40706,40707,40708,40709,40710,40711,40712,40713,40714,40715,40716,40717,40718,40719,40720,40721,40722,40723,40724,40725,40726,40727,40728,40729,40730,40731,40732,40733,40734,40735,40736,40737,40738,40739,40740,40741,40742,40743,40744,40745,40746,40747,40748,40749,40750,40751,40752,40753,40754,40755,40756,40757,40758,40759,40760,40761,40762,40763,40764,40765,40766,40767,40768,40769,40770,40771,40772,40773,40774,40775,40776,40777,40778,40779,40780,40781,40782,40783,40784,40785,40786,40787,40788,40789,40790,40791,40792,40793,40794,40795,40796,40797,40798,40799,40800,40801,40802,40803,40804,40805,40806,40872,40873,40874,40875,40876,40877,40878,40879,40880,40881,40882,40883,40884,40885,40886,40887,40888,40889,40890,40891,40892,40893,40894,40895,40896,40897,40898,40899,40900,40901,40902,40903,40904,40905,40906,40907,40908,40909,40910,40911,40912,40913,40914,40915,40916,40917,40918,40919,40920,40921,40922,40923,40924,40925,40926,40927,40928,40929,40930,40931,40932,40933,40934,40935,40936,40937,40938,40939,40940,40941,40942,40943,40944,40945,40946,40947,40948,40949,40950,40951,40952,40953,40954,40955,40956,40957,40958,40959,40960,40961,40962,40963,40964,40965,40966,40967,40968,40969,40970,40971,40972,40973,40974,40975,40976,40977,40978,40979,40980,41005,41006,41007,41008,41009,41010,41011,41012,41013,41014,41015,41016,41017,41018,41019,41020,41021,41022,41023,41024,41025,41026,41027,41028,41029,41030,41031,41032,41033,41034,41035,41036,41037,41038,41039,41040,41041,41042,41043,41044,41045,41046,41047,41048,41049,41050,41051,41052,41053,41054,41055,41056,41057,41058,41059,41060,41061,41062,41063,41064,41065,41066,41067,41068,41069,41070,41071,41072,41073,41074,41075,41076,41077,41078,41079,41080,41081,41082,41083,41084,41085,41086,41087,41088,41089,41090,41091,41092,41093,41094,41095,41096,41097,41098,41099,41100,41101,41102,41103,41104,41105,41106,41107,41108,41109,41110,41111,41112,41113,41114,41115,41116,41117,41118,41119,41120,41121,41122,41123,41124,41125,41126,41127,41128,41129,41130,41131,41132,41133,41134,41135,41136,41137,41138,41139,41140,41141,41142,41143,41144,41145,41146,41147,41148,41149,41150,41151,41152,41153,41154,41155,41156,41157,41158,41159,41160,41161,41162,41163,41164,41165,41166,41167,41168,41169,41170,41171,41172,41173,41174,41175,41176,41177,41178,41179,41180,41181,41182,41183,41184,41185,41186,41187,41188,41189,41190,41191,41192,41193,41194,41195,41196,41197,41198,41199,41200,41201,41202,41203,41204,41205,41206,41207,41208,41209,41210,41211,41212,41213,41214,41215,41216,41217,41218,41219,41220,41221,41222,41223,41224,41225,41226,41227,41228,41229,41230,41231,41232,41233,41234,41235,41236,44650,44651,44652,44653,44654,44655,44656,44657,44658,44659,44660,44661,44662,44663,44664,44665,44666,44667,44668,44669,44670,44671,44672,44673,44674,44675,44676,44677,44678,44679,44680,44681,44682,44683,44684,44685,44686,44687,44688,44689,44690,44691,44692,44693,44694,44695,44696,44697,44698,44699,44700,44701,44702,44703,44704,44705,44706,44707,44708,44709,44710,44711,44712,44713,44714,44715,44716,44717,44718,44719,44720,44721,44722,44723,44724,44725,44726,44727,44728,44729,44730,44731,44732,44733,44734,44735,44736,44737,44738,44739,44740,44741,44742,44743,44744,44745,44746,44747,44748,44749,44750,44751,44752,44753,44754,44755,44756,44757,44758,44759,44760,44761,44762,44763,44764,44765,44766,44767,44768,44769,44770,44771,44772,44773,44774,44775,44776,44777,44778,44779,44780,44781,44782,44783,44784,44785,44786,44787,44788,44789,44790,44791,44792,44793,44794,44795,44796,44797,44798,44799,44800,44801,44802,44803,44804,44805,44806,44807,44808,44809,44810,44811,44812,44813,44814,44815,44816,44817,44818,44819,44820,44821,44822,44823,44824,44825,44826,44827,44828,44829,44830,44831,44832,44833,44834,44835,44836,44837,44838,44839,44840,44841,44842,44843,44844,44845,44846,44847,44848,44849,44850,44851,44852,44853,44854,44855,44856,44857,44858,44859,44860,44861,44862,44863,44864,44865,44866,44867,44868,44869,44870,44871,44872,44873,44874,44875,44876,44877,44878,44879,44880,44881,44882,44883,44884,44885,44886,44887,44888,44889,44890,44891,44892,44893,44894,44895,44896,44897,44898,44899,44900,44901,44902,44903,44904,44905,44906,44907,44908,44909,44910,44911,44912,44913,44914,44915,44916,44917,44918,44919,44920,44921,44922,44923,44924,44925,44926,44927,44928,44929,44930,44931,44932,44933,44934,44935,44936,44937,44938,44939,44940,44941,44998,44999,45000,45001,45002,45003,45004,45005,45006,45007,45008,45009,45010,45011,45012,45013,45014,45015,45016,45017,45018,45019,45020,45021,45022,45023,45024,45025,45026,45027,45028,45029,45030,45031,45032,45033,45034,45035,45036,45037,45038,45039,45040,45041,45042,45043,45044,45045,45046,45047,45048,45049,45050,45051,45052,45053,45054,45055,45056,45057,45058,45059,45060,45061,45062,45063,45064,45065,45066,45067,45068,45069,45070,45071,45072,45073,45074,45075,45076,45077,45078,45079,45080,45081,45082,45083,45084,45085,45086,45087,45088,45089,45090,45091,45092,45093,45094,45095,45096,45097,45098,45099,45100,45101,45102,45103,45104,45105,45106,45107,45108,45109,45110,45111,45112,45113,45114,45115,45116,45117,45118,45119,45120,45121,45122,45123,45124,45125,45126,45127,45128,45129,45130,45131,45132,45133,45134,45135,45136,45137,45138,45139,45140,45141,45142,45143,45144,45145,45146,45147,45148,45149,45150,45151,45152,45153,45154,45155,45156,45157,45158,45159,45160,45161,45162,45163,45164,45165,45166,45167,45168,45169,45170,45171,45172,45173,45174,45175,45176,45177,45178,45179,45180,45181,45182,45183,45184,45185,45186,45187,45188,45189,45190,45191,45192,45193,45194,45195,45196,45197,45198,45199,45200,45201,45202,45203,45204,45205,45206,45207,45208,45209,45210,45211,45212,45213,45214,45215,45216,45217,45218,45219,45220,45221,45222,45223,45224,45225,45226,45227,45228,45229,45230,45231,45232,45233,45234,45235,45236,45237,45238,45239,45240,45241,45242,45243,45244,45245,45246,45247,45248,45249,45250,45251,45252,45253,45254,45255,45256,45257,45258,45259,45260,45261,45262,45263,45264,45265,45266,45267,45268,45269,45270,45271,45272,45273,45274,45275,45276,45277,45278,45279,45280,45281,45282,45283,45284,45285,45286,45287,45288,45289,45290,45291,45292,45293,45294,45295,45296,45297,45298,45299,45300,45301,45302,45303,45304,45305,45306,45307,45308,45309,45310,45311,45312,45313,45314,45315,45316,45317,45318,45319,45320,45321,45322,45323,45324,45325,45326,45327,45328,45329,45330,45331,45332,45333,45334,45417,45418,45419,45420,45421,45422,45423,45424,45425,45426,45427,45428,45429,45430,45431,45432,45433,45434,45435,45436,45437,45438,45439,45440,45441,45442,45443,45444,45445,45446,45447,45448,45449,45450,45451,45452,45453,45454,45455,45456,45457,45458,45459,45460,45461,45462,45463,45464,45465,45466,45467,45468,45469,45470,45471,45472,45473,45474,45475,45476,45477,45478,45479,45480,45481,45482,45483,45484,45485,45486,45487,45488,45489,45490,45491,45492,45493,45494,45495,45496,45497,45498,45499,45500,45501,45502,45503,45504,45505,45506,45507,45508,45509,45510,45511,45512,45513,45514,45515,45516,45517,45518,45519,45520,45521,45522,45523,45524,45525,45526,45527,45528,45529,45530,45531,45532,45533,45534,45535,45536,45537,45538,45539,45540,45541,45542,45543,45544,45545,45546,45547,45548,45549,45550,45551,45552,45553,45554,45555,45556,45557,45558,45559,45560,45561,45562,45563,45564,45565,45566,45567,45568,45569,45570,45571,45572,45573,45574,45575,45576,45577,45578,45579,45580,45649,45650,45651,45652,45653,45654,45655,45656,45657,45658,45659,45660,45661,45662,45663,45664,45665,45666,45667,45668,45669,45670,45671,45672,45673,45674,45675,45676,45677,45678,45679,45680,45681,45682,45683,45684,45685,45686,45687,45688,45689,45690,45691,45692,45693,45694,45695,45696,45697,45698,45699,45700,45701,45702,45703,45704,45705,45706,45707,45708,45709,45710,45711,45712,45713,45714,45715,45716,45717,45718,45719,45720,45721,45722,45723,45724,45725,45726,45727,45728,45729,45730,45731,45732,45733,45734,45735,45736,45737,45738,45739,45740,45741,45742,45743,45744,45745,45746,45747,45748,45749,45750,45751,45752,45753,45754,45755,45756,45757,45758,45759,45760,45761,45762,45763,45764,45765,45766,45767,45768,45769,45770,45771,45772,45773,45774,45775,45776,45777,45778,45779,45780,45781,45782,45783,45784,45785,45786,45787,45788,45789,45790,45791,45792,45793,45794,45795,45796,45797,45798,45799,45800,45801,45802,45803,45804,45805,45806,45807,45808,45809,45810,45811,45812,45813,45814,45815,45816,45817,45818,45819,45820,45821,45822,45823,45824,45825,45826,45827,45828,45829,45830,45831,45832,45833,45834,45835,45836,45837,45838,45839,45840,45841,45842,45843,45844,45845,45846,45847,45848,45849,45850,45851,45852,45936,45937,45938,45939,45940,45941,45942,45943,45944,45945,45946,45947,45948,45949,45950,45951,45952,45953,45954,45955,45956,45957,45958,45959,45960,45961,45962,45963,45964,45965,45966,45967,45968,45969,45970,45971,45972,45973,45974,45975,45976,45977,45978,45979,45980,45981,45982,45983,45984,45985,45986,45987,45988,45989,45990,45991,45992,45993,45994,45995,45996,45997,45998,45999,46000,46001,46002,46003,46004,46005,46006,46007,46008,46009,46010,46011,46012,46013,46014,46015,46016,46017,46018,46019,46020,46021,46022,46023,46024,46025,46026,46027,46028,46029,46030,46031,46032,46033,46034,46035,46036,46037,46038,46039,46040,46041,46042,46043,46044,46045,46046,46047,46048,46049,46050,46051,46052,46053,46054,46055,46056,46057,46058,46059,46060,46061,46062,46063,46064,46065,46066,46067,46068,46069,46070,46071,46072,46073,46074,46075,46076,46077,46078,46079,46080,46081,46082,46083,46084,46085,46086,46087,46088,46089,46090,46091,46092,46093,46094,46095,46096,46097,46098,46099,46100,46101,46102,46103,46104,46105,46106,46107,46108,46109,46110,46111,46112,46113,46114,46115,46116,46117,46118,46119,46120,46121,46122,46123,46124,46125,46126,46127,46128,46129,46130,46131,46132,46133,46134,46135,46136,46137,46138,46139,46140,46141,46142,46143,46144,46145,46146,46147,46148,46149,46150,46151,46152,46153,46154,46155,46156,46157,46158,46159,46160,46161,46162,46163,46164,46165,46166,46167,46168,46169,46170,46171,46172,46173,46174,46175,46176,46177,46178,46179,46180,46181,46182,46183,46184,46185,46186,46187,46188,46189,46190,46191,46192,46193,46194,46195,46196,46197,46198,46199,46200,46201,46202,46203,46204,46205,46206,46207,46208,46209,46210,46211,46212,46213,46214,46215,46216,46217,46218,46219,46220,46221,46222,46223,46224,46225,46226,46227,46228,46229,46230,46231,46232,46233,46234,46235,46236,46237,46238,46239,46240,46241,46242,46243,46244,46245,46246,46247,46248,46249,46250,46251,46252,46253,46254,46255,46256,46257,46258,46259,46260,46261,46262,46263,46264,46265,46266,46267,46268,46269,46270,46271,46272,46273,46274,46275,46276,46277,46278,46279,46280,46281,46282,46283,46284,46285,46286,46287,46288,46289,46290,46291,46292,46293,46294,46295,46296,46297,46298,46299,46300,46301,46302,46303,46304,46305,46306,46307,46308,46309,46310,46311,46312,46313,46314,46315,46316,46317,46318,46319,46320,46321,46322,46323,46324,46325,46326,46327,46328,46329,46481,46482,46483,46484,46485,46486,46487,46488,46489,46490,46491,46492,46493,46494,46495,46496,46497,46498,46499,46500,46501,46502,46503,46504,46505,46506,46507,46508,46509,46510,46511,46512,46513,46514,46515,46516,46517,46518,46519,46520,46521,46522,46523,46524,46525,46526,46527,46528,46529,46530,46531,46532,46533,46534,46535,46536,46537,46538,46539,46540,46541,46542,46543,46544,46545,46546,46547,46548,46549,46550,46551,46552,46553,46554,46555,46556,46557,46558,46559,46560,46561,46562,46563,46564,46565,46566,46567,46568,46569,46570,46571,46572,46573,46574,46575,46576,46577,46578,46579,46580,46581,46582,46583,46584,46585,46586,46587,46588,46589,46590,46591,46592,46593,46594,46595,46596,46597,46598,46599,46600,46601,46602,46603,46604,46605,46606,46607,46608,46609,46610,46611,46612,46613,46614,46615,46616,46617,46618,46619,46620,46621,46622,46623,46624,46625,46626,46627,46628,46629,46630,46631,46632,46633,46634,46635,46636,46637,46638,46639,46640,46641,46642,46643,46644,46645,46646,46647,46648,46649,46650,46651,46652,46653,46654,46655,46656,46657,46658,46659,46660,46661,46662,46663,46664,46665,46666,46667,46668,46669,46670,46671,46672,46673,46674,46675,46676,46677,46678,46679,46680,46681,46682,46683,46684,46685,46686,46687,46688,46689,46690,46691,46692,46693,46694,46695,46696,46697,46698,46699,46700,46701,46702,46703,46704,46705,46706,46707,46708,46709,46710,46711,46712,46713,46714,46715,46716,46717,46718,46719,46720,46721,46722,46723,46724,46725,46726,46727,46728,46729,46730,46731,46732,46733,46734,46735,46736,46737,46738,46739,46740,46741,46742,46743,46744,46745,46746,46747,46748,46749,46750,46751,46752,46753,46754,46755,46756,46757,46758,46759,46760,46761,46762,46763,46764,46765,46766,46767,46768,46769,46770,46771,46772,46773,46774,46775,46776,46777,46778,46779,46780,46781,46782,46783,46784,46785,46786,46787,46788,46789,46790,46791,46792,46793,46794,46795,46796,46797,46798,46799,46800,46801,46802,46803,46804,46805,46806,46807,46808,46809,46810,46811,46812,46813,46814,46815,46816,46817,46818,46819,46820,46821,46822,46823,46824,46825,46826,46827,46828,46829,46830,46831,46832,46833,46834,46835,46836,46837,46838,46839,46840,46841,46842,46843,46844,46845,46846,46847,46848,46849,46850,46851,46852,46853,46854,46855,46856,46857,46858,46859,46860,46861,46862,46863,46864,46865,46866,46867,46868,46869,46870,46871,46872,46873,46874,46875,46876,46877,46878,46879,46880,46881,46882,46883,46884,46885,46886,46887,46888,46889,46890,46891,46892,46893,46894,46895,46896,46897,46898,46899,46900,46901,46902,46903,46904,46905,46906,46907,46908,46909,46910,46911,46912,46913,46914,46915,46916,46917,46918,46919,46920,46921,46922,46923,46924,46925,46926,46927,46928,46929,46930,46931,46932,46933,46934,46935,46936,46937,46938,46939,46940,46941,46942,46943,46944,46945,46946,46947,46948,46949,46950,46951,46952,46953,46954,46955,46956,46957,46958,46959,46960,46961,46962,46963,46964,46965,46966,46967,46968,46969,46970,46971,46972,46973,46974,46975,46976,46977,46978,46979,46980,46981,46982,46983,46984,46985,46986,46987,46988,46989,46990,46991,46992,46993,46994,46995,46996,46997,46998,46999,47000,47001,47002,47003,47004,47005,47006,47007,47008,47009,47010,47011,47012,47013,47014,47015,47016,47017,47018,47019,47020,47021,47022,47023,47024,47025,47026,47027,47028,47029,47030,47031,47032,47033,47034,47035,47036,47037,47038,47039,47040,47041,47042,47043,47044,47045,47046,47047,47048,47049,47050,47051,47052,47053,47054,47055,47056,47057,47058,47059,47060,47061,47062,47063,47064,47065,47066,47067,47068,47069,47070,47071,47072,47073,47074,47075,47076,47077,47078,47079,47080,47081,47082,47083,47084,47085,47086,47087,47088,47089,47090,47091,47092,47093,49934,49935,49936,49937,49938,49939,49940,49941,49942,49943,49944,49945,49946,49947,49948,49949,49950,49951,49952,49953,49954,49955,49956,49957,49958,49959,49960,49961,49962,49963,49964,49965,49966,49967,49968,49969,49970,49971,49972,49973,49974,49975,49976,49977,49978,49979,49980,49981,49982,49983,49984,49985,49986,49987,49988,49989,49990,49991,49992,49993,49994,49995,49996,49997,49998,49999,50000,50001,50002,50003,50004,50005,50006,50007,50008,50009,50010,50011,50012,50013,50014,50015,50016,50017,50018,50019,50020,50021,50022,50023,50024,50025,50026,50027,50028,50029,50030,50031,50032,50033,50034,50035,50036,50037,50038,50039,50040,50041,50042,50043,50044,50045,50046,50047,50048,50049,50050,50051,50052,50053,50054,50055,50056,50057,50058,50059,50060,50061,50062,50063,50064,50065,50066,50067,50068,50069,50070,50071,50072,50073,50074,50075,50076,50077,50078,50079,50080,50081,50082,50083,50084,50085,50086,50087,50088,50089,50090,50091,50092,50093,50094,50095,50096,50097,50098,50099,50100,50101,50102,50103,50104,50105,50106,50107,50108,50109,50110,50111,50112,50113,50114,50115,50116,50117,50118,50119,50120,50121,50122,50123,50124,50125,50126,50127,50128,50129,50130,50131,50132,50133,50134,50135,50136,50137,50138,50139,50140,50141,50142,50143,50144,50145,50146,50147,50148,50149,50150,50151,50152,50153,50154,50155,50156,50157,50158,50159,50160,50161,50162,50163,50164,50165,50166,50167,50168,50169,50170,50171,50172,50173,50174,50175,50176,50177,50178,50179,50180,50181,50182,50183,50184,50185,50186,50187,50188,50189,50190,50191,50192,50193,50194,50195,50196,50197,50198,50199,50200,50201,50202,50203,50204,50205,50206,50207,50208,50209,50210,50211,50212,50213,50214,50215,50216,50217,50218,50219,50220,50221,50222,50223,50224,50225,50226,50227,50228,50229,50230,50231,50232,50233,50234,50235,50236,50237,50238,50239,50240,50241,50242,50243,50244,50245,50246,50247,50248,50249,50250,50251,50252,50253,50254,50255,50256,50257,50258,50259,50260,50261,50340,50341,50342,50343,50344,50345,50346,50347,50348,50349,50350,50351,50352,50353,50354,50355,50356,50357,50358,50388,50389,50390,50391,50392,50393,50394,50395,50396,50397,50398,50399,50400,50401,50402,50403,50404,50405,50406,50407,50408,50409,50410,50411,50412,50413,50414,50415,50416,50417,50418,50419,50420,50421,50422,50423,50424,50425,50426,50427,50428,50429,50430,50431,50432,50433,50434,50435,50436,50437,50438,50439,50440,50441,50442,50443,50444,50445,50446,50447,50448,50449,50450,50451,50452,50453,50454,50455,50456,50457,50458,50459,50460,50461,50462,50463,50464,50465,50466,50467,50468,50469,50470,50471,50472,50473,50474,50475,50476,50477,50478,50479,50480,50481,50482,50483,50484,50485,50486,50487,50488,50489,50490,50491,50492,50493,50494,50495,50496,50514,50515,50516,50517,50518,50519,50520,50521,50522,50523,50524,50525,50526,50527,50528,50529,50530,50531,50532,50533,50534,50535,50536,50537,50538,50539,50540,50541,50542,50543,50544,50545,50546,50547,50548,50549,50550,50551,50552,50553,50554,50555,50556,50557,50558,50559,50560,50561,50562,50563,50564,50565,50566,50567,50568,50569,50570,50571,50572,50573,50574,50575,50576,50577,50578,50579,50580,50581,50582,50583,50584,50585,50586,50587,50588,50589,50590,50591,50592,50593,50594,50595,50596,50597,50598,50599,50600,50601,50602,50603,50604,50605,50606,50607,50608,50609,50610,50611,50612,50613,50614,50615,50616,50617,50618,50619,50620,50621,50622,50623,50624,50625,50626,50627,50628,50629,50630,50631,50632,50633,50634,50635,50636,50637,50638,50639,50640,50641,50642,50643,50644,50645,50646,50647,50648,50649,50650,50651,50652,50653,50654,50655,50656,50657,50658,50659,50660,50661,50662,50663,50664,50665,50666,50667,50668,50669,50670,50671,50672,50673,50674,50675,50676,50677,50678,50679,50680,50681,50682,50683,50684,50685,50686,50687,50688,50689,50690,50691,50692,50693,50694,50695,50696,50697,50698,50699,50700,50701,50702,50703,50704,50705,50706,50707,50708,50709,50710,50711,50712,50713,50714,50715,50716,50717,50718,50719,50720,50721,50722,50723,50724,50725,50726,50727,50728,50729,50730,50731,50732,50733,50734,50735,50736,50737,50738,50739,50740,50741,50742,50743,50744,50745,50746,50747,50748,50749,50750,50751,50752,50753,50754,50755,50756,50757,50758,50759,50760,50761,50762,50763,50764,50765,50766,50767,50768,50769,50770,50771,50772,50773,50774,50775,50776,50777,50778,50779,50780,50781,50782,50783,50784,50785,50786,50787,50788,50789,50790,50791,50792,50793,50794,50795,50796,50797,50798,50799,50800,50801,50802,50803,50804,50805,50806,50807,50808,50809,50810,50811,50812,50813,50814,50815,50816,50817,50818,50819,50820,50821,50822,50823,50824,50825,50826,50827,50828,50829,50830,50831,50832,50833,50834,50835,50836,50837,50838,50839,50840,50841,50842,50843,50844,50845,50846,50847,50848,50849,50850,50851,50852,50853,50854,50855,50856,50857,50858,50859,50860,50861,50862,50863,50864,50865,50866,50867,50868,50869,50870,50871,50872,50873,50874,50875,50876,50877,50878,50879,50880,50881,50882,50883,50884,50885,50886,50887,50888,50889,50890,50891,50892,50893,50894,50895,50896,50897,50898,50899,50900,50901,50902,50903,50904,50905,50906,50907,50908,50909,50910,50911,50912,50913,50914,50915,50916,50917,50918,50919,50920,50921,50922,50923,50924,50925,50926,50927,50928,50929,50930,50931,50932,50933,50934,50935,50936,50937,50938,50939,50940,50941,50942,50943,50944,50945,50946,50947,50948,50949,50950,50951,50952,50953,50954,50955,50956,50957,50958,50959,50960,50961,50962,50963,50964,50965,50966,50967,50968,50969,50970,50971,50972,50973,50974,50975,50976,50977,50978,50979,50980,50981,50982,50983,50984,50985,50986,50987,50988,50989,50990,50991,50992,50993,50994,50995,50996,50997,50998,50999,51000,51001,51002,51003,51004,51005,51006,51007,51008,51009,51010,51011,51012,51013,51014,51015,51016,51017,51018,51019,51020,51021,51022,51023,51024,51025,51026,51027,51028,51029,51030,51031,51032,51033,51034,51035,51036,51037,51038,51039,51040,51041,51042,51043,51044,51045,51046,51047,51048,51049,51050,51126,51127,51128,51129,51130,51131,51132,51133,51134,51135,51136,51137,51138,51139,51140,51141,51142,51143,51144,51145,51146,51147,51148,51149,51150,51151,51152,51153,51154,51155,51156,51157,51158,51159,51160,51161,51162,51163,51164,51165,51166,51167,51168,51169,51170,51171,51172,51173,51174,51175,51176,51177,51178,51179,51180,51181,51182,51183,51184,51185,51186,51187,51188,51189,51190,51191,51192,51193,51194,51195,51196,51197,51198,51199,51200,51201,51202,51203,51204,51205,51206,51207,51208,51209,51210,51211,51212,51213,51214,51215,51216,51217,51218,51219,51220,51221,51222,51223,51224,51225,51226,51227,51228,51229,51230,51231,51232,51233,51234,51235,51236,51237,51238,51239,51240,51241,51242,51243,51244,51245,51246,51247,51248,51249,51250,51251,51252,51253,51254,51255,51256,51257,51258,51259,51260,51261,51262,51263,51264,51265,51266,51267,51268,51269,51270,51271,51272,51273,51274,51275,51276,51277,51278,51279,51280,51281,51282,51283,51284,53159,53160,53161,53162,53163,53164,53165,53166,53167,53168,53169,53170,53171,53172,53173,53174,53175,53176,53177,53178,53179,53180,53181,53182,53183,53184,53185,53186,53187,53188,53189,53190,53191,53192,53193,53194,53195,53196,53197,53198,53199,53200,53201,53202,53203,53204,53205,53206,53207,53208,53209,53210,53211,53212,53213,53214,53215,53216,53217,53218,53219,53220,53221,53222,53223,53224,53225,53226,53227,53228,53229,53230,53231,53232,53233,53234,53235,53236,53237,53238,53239,53240,53241,53242,53243,53244,53245,53246,53247,53248,53249,53250,53251,53252,53253,53254,53255,53256,53257,53258,53259,53260,53261,53262,53263,53264,53265,53266,53267,53268,53269,53270,53271,53272,53273,53274,53275,53276,53277,53278,53279,53280,53281,53282,53283,53284,53285,53286,53287,53288,53289,53290,53291,53292,53293,53294,53295,53296,53297,53298,53299,53300,53301,53302,53303,53304,53305,53306,53307,53308,53309,53310,53311,53312,53313,53314,53315,53316,53317,53318,53319,53320,53321,53322,53323,53324,53325,53326,53327,53328,53329,53330,53331,53332,53333,53334,53335,53336,53337,53338,53339,53340,53341,53342,53343,53344,53345,53386,53387,53388,53389,53390,53391,53392,53393,53394,53395,53396,53397,53398,53399,53400,53401,53402,53403,53404,53405,53406,53407,53408,53409,53410,53411,53412,53413,53414,53415,53416,53417,53418,53419,53420,53421,53422,53423,53424,53425,53426,53427,53428,53429,53430,53431,53432,53433,53434,53435,53436,53437,53438,53439,53440,53441,53442,53443,53444,53445,53446,53447,53448,53449,53450,53451,53452,53453,53454,53455,53456,53457,53458,53459,53460,53461,53462,53463,53464,53465,53466,53467,53468,53469,53470,53471,53472,53473,53474,53475,53476,53477,53478,53479,53480,53481,53482,53483,53484,53485,53486,53487,53488,53489,53490,53491,53492,53493,53494,53495,53496,53497,53498,53499,53500,53501,53502,53503,53504,53505,53506,53507,53508,53509,53510,53511,53512,53513,53514,53515,53516,53517,53518,53519,53520,53521,53522,53523,53524,53525,53526,53527,53528,53529,53530,53531,53532,53533,53534,53535,53536,53537,53538,53539,53540,53541,53542,53543,53544,53545,53546,53547,53548,53549,53550,53551,53552,53553,53554,53555,53622,53623,53624,53625,53626,53627,53628,53629,53630,53631,53632,53633,53634,53635,53636,53637,53638,53639,53640,53641,53642,53643,53644,53645,53646,53647,53648,53649,53650,53651,53652,53653,53654,53655,53656,53657,53658,53659,53660,53661,53662,53663,53664,53665,53666,53667,53668,53669,53670,53671,53672,53673,53674,53675,53676,53677,53678,53679,53680,53681,53682,53683,53684,53685,53686,53687,53688,53689,53690,53691,53692,53693,53694,53695,53696,53697,53698,53699,53700,53701,53702,53703,53704,53705,53706,53707,53708,53709,53710,53711,53712,53713,53714,53715,53716,53717,53718,53719,53720,53721,53722,53723,53724,53725,53726,53727,53728,53729,53730,53731,53732,53733,53734,53735,53736,53737,53738,53739,53740,53741,53742,53743,53744,53745,53746,53747,53748,53749,53750,53751,53752,53753,53754,53755,53756,53757,53758,53759,53760,53761,53762,53763,53764,53765,53766,53767,53768,53769,53770,53771,53772,53773,53774,53775,53776,53777,53778,53779,53780,53781,53782,53783,53784,53785,53786,53787,53788,53789,53790,53791,53792,53793,53794,53795,53796,53797,53798,53799,53800,53801,53802,53803,53804,53805,53806,53807,53808,53809,53810,53811,53812,53813,53814,53815,53816,53817,53818,53819,53820,53821,53822,53823,53824,53825,53826,53827,53828,53829,53830,53831,53832,53833,53834,53835,53836,53837,53838,53839,53840,53841,53842,53843,53844,53845,53846,53847,53848,53849,53850,53851,53852,53853,53854,53855,53856,53857,53858,53859,53860,53861,53862,53863,53864,53865,53866,53867,53868,53869,53870,53871,53872,53873,53874,53875,53876,53877,53878,53879,53880,53881,53882,53883,53884,53885,53886,53887,53888,53889,53890,53891,53892,53893,53894,53895,53896,53897,53898,53899,53900,53901,53902,53903,53904,53905,53906,53907,53908,53909,53910,53911,53912,53913,53914,53915,53916,53917,53918,53919,53920,53921,53922,53923,53924,53925,53926,53927,53928,53929,53930,53931,53932,53933,53934,53935,53936,53937,53938,53939,53940,53941,53942,53943,53944,53945,53946,53947,53948,53949,53950,53951,53952,53953,53954,53955,53956,53957,53958,53959,53960,53961,53962,53963,53964,53965,53966,53967,53968,53969,53970,53971,53972,53973,53974,53975,53976,53977,53978,53979,53980,53981,53982,53983,53984,53985,53986,53987,53988,53989,53990,53991,53992,53993,53994,53995,53996,53997,53998,53999,54000,54001,54002,54003,54004,54005,54006,54007,54008,54009,54010,54011,54012,54013,54014,54015,54016,54017,54018,54019,54020,54021,54022,54023,54024,54025,54026,54027,54028,54029,54030,54031,54032,54033,54034,54035,54099,54100,54101,54102,54103,54104,54105,54106,54107,54108,54109,54110,54111,54112,54113,54114,54115,54116,54117,54118,54119,54120,54121,54122,54123,54124,54125,54126,54127,54128,54129,54130,54131,54132,54133,54134,54135,54136,54137,54138,54139,54140,54141,54142,54143,54144,54145,54146,54147,54148,54149,54150,54151,54152,54153,54154,54155,54156,54157,54158,54159,54160,54161,54162,54163,54164,54165,54166,54167,54168,54169,54170,54171,54172,54173,54174,54175,54176,54177,54178,54179,54180,54181,54182,54183,54184,54185,54186,54187,54188,54189,54190,54191,54192,54193,54194,54195,54196,54197,54198,54199,54200,54201,54202,54203,54204,54205,54206,54207,54208,54209,54210,54211,54212,54213,54214,54215,54216,54217,54218,54219,54220,54221,54222,54223,54224,54225,54226,54227,54228,54229,54230,54231,54232,54233,54234,54235,54236,54237,54238,54239,54240,54241,54242,54243,54244,54245,54246,54247,54248,54249,54250,54251,54252,54253,54254,54255,54256,54257,54258,54259,54260,54261,54262,54263,54264,54265,54266,54267,54268,54269,54270,54271,54272,54273,54274,54275,54276,54277,54278,54279,54280,54281,54282,54283,54284,54285,54286,54287,54288,54289,54290,54291,54292,54293,54294,54295,54296,54297,54298,54299,54300,54301,54302,54303,54304,54305,54306,54307,54308,54309,54310,54311,54312,54313,54314,54315,54316,54317,54318,54319,54320,54321,54322,54323,54324,54325,54326,54327,54328,54329,54330,54331,54332,54333,54334,54335,54336,54337,54338,54339,54340,54341,54342,54343,54344,54345,54346,54347,54348,54395,54396,54397,54398,54399,54400,54401,54402,54403,54404,54405,54406,54407,54408,54409,54410,54411,54412,54413,54414,54415,54416,54417,54418,54419,54420,54421,54422,54423,54424,54425,54426,54427,54428,54429,54430,54431,54432,54433,54434,54435,54436,54437,54438,54439,54440,54441,54442,54443,54444,54445,54446,54447,54448,54449,54450,54451,54452,65348,65349,65350,65351,65352,65353,65354,65355,65356,65357,65358,65359,65360,65361,65362,65363,65364,65365,65366,65367,65368,65369,65370,65371,65372,65373,65374,65375,65376,65377,65378,65379,65380,65381,65382,65383,65384,65385,65427,65428,65429,65430,65431,65432,65433,65434,65435,65436,65437,65438,65439,65440,65441,65442,65443,65444,65445,65446,65447,65448,65449,65450,65451,65452,65453,65454,65455,65456,65457,65458,65459,65460,65461,65462,65463,65464,65465,65466,65467,65468,65469,65470,65471,65472,65473,65474,65475,65476,65477,67696,67697,67698,67699,67700,67701,67702,67703,67704,67705,67706,67707,67708,67709,67710,67711,67712,67713,67714,67715,67716,67717,67718,67719,67720,67721,67722,67723,67724,67725,67726,67727,67728,67729,67730,67731,67732,67733,67734,67735,67736,67737,67738,67739,67740,67741,67742,67743,67744,67745,67746,67747,67748,67749,67750,67751,67752,67753,67754,67755,67756,67757,67758,67759,67760,67761,67762,67763,67764,67765,67792,67793,67794,67795,67796,67797,67798,67799,67800,67801,67802,67803,67804,67805,67806,67807,67808,67809,67810,67811,67812,67813,67814,67815,67816,67817,67818,67819,67820,67821,67822,67823,67824,67825,67826,67827,67828,67829,67830,67831,67832,67833,67834,67835,67836,67837,67838,67839,67840,67841,67842,67843,67844,67845,67846,67847,67848,67849,67850,67851,67852,67853,67854,67855,67856,67857,67858,67859,67860,67861,67862,67863,67864,67865,67866,67867,67868,67869,67870,67871,67872,67873,67874,67975,67976,67977,67978,67979,67980,67981,67982,67983,67984,67985,67986,67987,67988,67989,67990,67991,67992,67993,67994,68008,68009,68010,68011,68012,68013,68014,68015,68016,68017,68018,68019,68020,68021,68022,68023,68024,68025,68026,68027,68028,68029,68030,68031,68032,68033,68034,68035,68036,68037,68038,68039,68040,68041,68042,68043,68044,68045,68046,68047,68048,68049,68050,68051,68052,68053,68054,68055,68056,68057,68058,68059,68060,68061,68062,68063,68064,68065,68066,68067,68068,68069,68070,68071,68072,68073,68074,68075,68076,68077,68078,68079,68080,68081,68082,68083,68084,68085,68086,68087,68088,68089,68090,68091,68092,68093,68094,68095,68096,68097,68098,68099,68100,68101,68102,68103,68104,68105,68106,68107,68108,68109,68110,68111,68112,68113,68114,68115,68116,68117,68118,68119,68120,68121,68122,68123,68124,68125,68126,68127,68128,68129,68130,68131,68132,68133,68134,68135,68136
20
21
22
23
24
25,16503,16504,16505,16506,16507,16508,16509,16510,16511,16512,16513,16514,16515,16516,16517,16518,16519,16520,16521,16522,16523,16524,16525,16526,16527,16528,16529,16530,16531,16532,16533,16534,16535,16536,16537,16538,16539,16540,16541,16542,16543,16544,16545,16546,16547,16548,16549,16550,16551,16552,16553,16554,16555,16556,16557,16558,16559,16560,16561,16562,16563,16564,16565,16566,16567,16568,16569,16570,16571,16572,16573,16574,16575,16576,16577,16578,16579,16580,16581,16582,16583,16584,16585,16586,16587,16588,16589,16590,16591,16592,16593,16594,16595,16596,16597,16598,16599,16600,16601,16602,16603,16604,16605,16606,16607,16608,16609,16610,16611,16612,16613,16614,16615,16616,16617,16685,16686,16687,16688,16689,16690,16691,16692,16693,16694,16695,16696,16697,16698,16699,16700,16701,16702,16703,16704,16705,16706,16707,16708,16709,16710,16711,16712,16713,16714,16715,16716,16717,16718,16719,16720,16721,16722,16723,16724,16725,16726,16727,16728,16729,16730,16731,16732,16733,16769,16770,16771,16772,16773,16774,16775,16776,16777,16778,16779,16780,16781,16782,16783,16784,16785,16786,16787,16788,16789,16790,16791,16792,16793,16794,16795,16796,16797,16798,16799,16800,16801,16802,16803,16804,16805,16806,16807,16808,16809,16810,16811,16812,16813,16814,16815,16816,16817,16818,16819,16820,16821,16822,16823,16824,16825,16826,16827,16828,16829,16830,16831,16832,16833,16834,16835,16836,16837,16838,16839,16840,16841,16842,16843,16844,16845,16846,16847,16848,16849,16850,16851,16852,16853,16854,16855,16856,16857,16858,16859,16860,16861,16862,16863,16864,16865,16866,16867,16868,16869,16870,16871,16872,16873,16874,16875,16876,16877,16878,16879,16880,16881,16882,16883,16884,16885,16886,16887,16888,16889,16890,16891,16892,16893,16894,16895,16896,16897,16898,16899,16900,16901,16902,16903,16946,16947,16948,16949,16950,16951,16952,16953,16954,16955,16956,16957,16958,16959,16960,16961,16962,16963,16964,16965,16966,16967,16968,16969,16970,16971,16972,16973,16974,16975,16976,16977,16978,16979,16980,16981,16982,16983,16984,16985,16986,16987,16988,16989,16990,16991,16992,16993,16994,16995,16996,16997,16998,16999,17000,17001,17002,17003,17004,17005,17006,17007,17008,17009,17010,17011,17012,17013,17014,17015,17016,17017,17018,17019,17020,17021,17022,17023,17024,17025,17026,17027,17028,17029,17030,17031,17032,17033,17034,17035,17036,17037,17038,17039,17040,17041,17042,17043,17044,17045,17046,17047,17048,17049,17050,17051,17052,17053,17054,17055,17056,17057,17058,17059,17060,17061,17062,17063,17064,17065,17066,17067,17068,17069,17070,17071,17072,17073,17074,17075,17076,17077,17078,17079,17080,17081,17082,17083,17084,17085,17086,17087,17088,17089,17090,17091,17092,17093,17094,17095,17096,17097,17098,17099,17100,17101,17102,17103,17104,17105,17106,17107,17108,17109,17110,17111,17112,17113,17114,17115,17116,17117,17118,17119,17120,17121,17122,17123,17124,17125,17126,17127,17128,17129,17130,17131,17132,17133,17134,17135,17136,17137,17138,17139,17140,17141,17142,17143,17144,17145,17146,17147,17148,17149,17150,17151,17152,17153,17154,17155,17225,17226,17227,17228,17229,17230,17231,17232,17233,17234,17235,17236,17237,17238,17239,17240,17241,17242,17243,17244,17245,17246,17247,17248,17249,17250,17251,17252,17253,17254,17255,17256,17257,17258,17259,17260,17261,17262,17263,17264,17265,17266,17267,17268,17269,17270,17271,17272,17273,17274,17275,17276,17277,17278,17279,17280,17281,17282,17283,17284,17285,17286,17287,17288,17289,17290,17291,17292,17293,17294,17295,17296,17297,17298,17299,17300,17301,17302,17303,17304,17305,17306,17307,17308,17309,17310,17311,17312,17313,17314,17315,17316,17317,17318,17319,17320,17321,17322,17323,17324,17325,17326,17327,17328,17329,17330,17331,17332,17333,17334,17335,17336,17337,17338,17339,17340,17341,17342,17343,17344,17345,17346,17347,17348,17349,17350,17351,17352,17353,17354,17355,17356,17357,17358,17359,17360,17361,17362,17363,17364,17365,17366,17367,17368,17369,17370,17371,17372,17373,17374,17375,17376,17377,17378,17379,17380,17381,17382,17383,17384,17385,17386,17387,17388,17389,17390,17391,17392,17393,17394,17395,17396,17397,17398,17399,17400,17401,17402,17403,17404,17405,17406,17407,17408,17409,17410,17411,17412,17413,17414,17415,17416,17417,17418,17419,17420,17421,17422,17423,17424,17425,17426,17427,17428,17429,17430,17431,17432,17433,17434,17471,17472,17473,17474,17475,17476,17477,17478,17479,17480,17481,17482,17483,17484,17485,17486,17487,17488,17489,17490,17491,17492,17493,17494,17495,17496,17497,17498,17499,17500,17501,17502,17503,17504,17505,17506,17507,17508,17509,17510,17511,17512,17513,17514,17515,17516,17552,17553,17554,17555,17556,17557,17558,17559,17560,17561,17562,17563,17564,17565,17566,17567,17568,17569,17570,17571,17572,17573,17574,17575,17576,17577,17578,17579,17580,17581,17582,17583,17584,17585,17586,17587,17588,17589,17590,17591,17592,17593,17594,17595,17596,17597,17598,17599,17600,17601,17602,17603,17604,17605,17606,17607,17608,17609,17610,17611,17612,17613,17614,17615,17616,17617,17618,17619,17620,17621,17622,17623,17624,17625,17670,17671,17672,17673,17674,17675,17676,17677,17678,17679,17680,17681,17682,17683,17684,17685,17686,17687,17688,17689,17690,17691,17692,17693,17694,17695,17696,17697,17698,17699,17700,17701,17702,17703,17704,17705,17706,17707,17708,17709,17710,17711,17712,17713,17714,17715,17716,17717,17718,17719,17720,17721,17722,17723,17724,17725,17726,17727,17728,17729,17730,17731,17732,17733,17734,17735,17736,17737,17738,17739,17740,17741,17742,17743,17744,17745,17746,17747,17748,17749,17750,17751,17752,17753,17754,17755,17756,17757,17758,17759,17760,17761,17762,17763,17764,17765,17766,17767,17768,17769,17770,17771,17772,17773,17774,17775,17776,17777,17778,17779,17780,17781,17782,17783,17784,17785,17786,17787,17788,17789,17790,17791,17792,17793,17794,17795,17796,17797,17798,17799,17800,17801,17802,17803,17804,17805,17806,17807,17906,17907,17908,17909,17910,17911,17912,17913,17914,17915,17916,17917,17918,17919,17920,17921,17922,17923,17924,17925,17926,17927,17928,17929,17930,17931,17932,17933,17934,17935,17936,17937,17938,17939,17940,17941,17942,17943,17944,17945,17946,17947,17948,17949,17950,17951,17952,17953,17954,17955,17956,17957,17958,17959,17960,17961,17962,17963,17964,17965,17966,17967,17968,17969,17970,17971,17972,17973,17974,17975,17976,17977,17978,17979,17980,17981,17982,17983,17984,17985,17986,17987,17988,17989,17990,17991,17992,17993,17994,17995,17996,17997,17998,17999,18000,18001,18002,18003,18004,18005,18006,18007,18008,18009,18010,18011,18012,18013,18014,18015,18016,18017,18018,18019,18020,18021,18022,18023,18024,18025,18026,18027,18028,18029,18030,18031,18032,18033,18034,18035,18036,18037,18038,18039,18040,18041,18042,18043,18044,18045,18046,18047,18048,18049,18050,18051,18052,18053,18054,18055,18056,18057,18058,18059,18060,18061,18062,18063,18064,18065,18066,18067,18068,18069,18070,18071,18072,18073,18074,18075,18076,18077,18078,18079,18080,18081,18082,18083,18084,18085,18086,18087,18088,18089,18090,18091,18092,18093,18094,18095,18096,18097,18098,18099,18100,18101,18102,18103,18104,18105,18106,18107,18108,18109,18110,18111,18112,18113,18114,18115,18116,18117,18118,18119,18120,18121,18122,18123,18124,18125,18126,18127,18128,18129,18130,18131,18132,18133,18134,18135,18136,18137,18138,18139,18140,18141,18142,18143,18144,18145,18146,18147,18148,18149,18150,18151,18152,18153,18154,18155,18156,18157,18158,18159,18160,18161,18162,18163,18164,18165,18166,18167,18168,18169,18170,18171,18172,18173,18174,18175,18176,18177,18178,18179,18180,18181,18182,18183,18184,18185,18186,18187,18188,18189,18190,18191,18192,18193,18194,18195,18196,18197,18198,18199,18200,18201,18202,18203,18204,18205,18206,18207,18208,18209,18210,18211,18212,18213,18214,18215,18216,18217,18218,18219,18220,18221,18222,18223,18224,18225,18226,18227,18228,18229,18230,18231,18232,18233,18234,18235,18236,18237,18238,18239,18240,18241,18242,18243,18244,18245,18246,18247,18248,18249,18250,18251,18252,18253,18254,18255,18256,18257,18258,18259,18260,18261,18262,18263,18264,18265,18266,18267,18268,18269,18270,18271,18272,18273,18274,18275,18276,18277,18278,18279,18280,18281,18282,18283,18284,18285,18286,18287,18288,18289,18290,18291,18292,18293,18294,18295,18296,18297,18298,18299,18300,18301,18302,18303,18304,18305,18306,18307,18308,18309,18310,18311,18312,18313,18314,18315,18316,18317,18318,18319,18320,18321,18322,18323,18324,18325,18326,18327,18328,18329,18754,18755,18756,18757,18758,18759,18760,18761,18762,18763,18764,18765,18766,18767,18768,18769,18770,18771,18772,18773,18774,18775,18776,18777,18778,18779,18780,18781,18782,18783,18784,18785,18786,18787,18788,18789,18790,18791,18792,18793,18794,18795,18796,18797,18798,18799,18800,18801,18802,18803,18804,18805,18806,18807,18808,18809,18810,18811,18812,18813,18814,18815,18816,18817,18818,18819,18820,18856,18857,18858,18859,18860,18861,18862,18863,18864,18865,18866,18867,18868,18869,18870,18871,18872,18873,18874,18875,18876,18877,18878,18879,18880,18881,18882,18883,18884,18885,18886,18887,18888,18889,18890,18891,18892,18893,18894,18895,18896,18897,18898,18899,18900,18901,18902,18903,18904,18905,18906,18907,18908,18909,18910,18911,18912,18913,18914,18915,18916,18917,18918,18919,18920,18921,18922,18923,18924,18925,18926,18927,18928,18929,18930,18931,18932,18933,18934,18935,18936,18937,18938,18939,18940,18941,18942,18943,18944,18945,18946,18947,18948,18949,18950,18951,18952,18953,18954,18955,18956,18957,18958,18959,18960,18961,18962,18963,18964,18965,18966,18967,18968,18969,18970,18971,18972,18973,18974,18975,18976,18977,18978,18979,18980,18981,18982,18983,18984,18985,18986,18987,18988,18989,18990,18991,18992,18993,18994,18995,18996,18997,18998,18999,19000,19001,19002,19003,19004,19005,19006,19007,19008,19009,19010,19011,19012,19013,19014,19015,19016,19017,19018,19068,19069,19070,19071,19072,19073,19074,19075,19076,19077,19078,19079,19080,19081,19082,19083,19084,19085,19086,19087,19088,19089,19090,19091,19092,19093,19094,19095,19096,19097,19098,19099,19100,19101,19102,19103,19104,19105,19106,19107,19108,19109,19110,19111,19112,19113,19114,19115,19116,19117,19118,19119,19120,19121,19122,19123,19124,19125,19126,19127,19128,19129,19130,19131,19132,19133,19134,19135,19136,19137,19138,19139,19140,19141,19142,19143,19144,19145,19146,19147,19148,19149,19150,19151,19152,19153,19154,19155,19156,19157,19158,19159,19160,19161,19162,19163,19164,19165,19166,19167,19168,19169,19170,19171,19172,19173,19174,19175,19176,19177,19178,19179,19180,19181,19182,19183,19184,19185,19186,19187,19188,19189,19190,19191,19192,19193,19225,19226,19227,19228,19229,19230,19231,19232,19233,19234,19235,19236,19237,19238,19239,19240,19241,19242,19243,19244,19245,19246,19247,19248,19249,19250,19251,19252,19253,19254,19255,19256,19257,19258,19259,19260,19261,19262,19263,19264,19265,19266,19267,19268,19269,19270,19271,19272,19273,19274,19275,19276,19277,19278,19279,19280,19281,19282,19283,19284,19285,19286,19287,19288,19289,19290,19291,19292,19293,19294,19295,19296,19297,19298,19299,19300,19301,19302,19303,19304,19305,19306,19307,19308,19309,19310,19311,19312,19313,19314,19315,19316,19317,19318,19319,19320,19321,19322,19323,19324,19325,19326,19327,19328,19329,19330,19331,19332,19333,19334,19335,19336,19337,19338,21368,21369,21370,21371,21372,21373,21374,21375,21376,21377,21378,21379,21380,21381,21382,21383,21384,21385,21386,21387,21388,21389,21390,21391,21392,21393,21394,21395,21396,21397,21398,21399,21400,21401,21402,21403,21404,21405,21406,21407,21408,21409,21410,21411,21412,21413,21414,21415,21416,21417,21418,21419,21420,21421,21422,21423,21424,21425,21426,21427,21428,21429,21430,21431,21432,21433,21434,21435,21436,21437,21438,21439,21440,21441,21442,21443,21444,21445,21446,21447,21448,21449,21450,21451,21452,21453,21454,21455,21456,21457,21458,21459,21460,21461,21462,21463,21464,21465,21466,21467,21468,21469,21470,21471,21472,21473,21474,21475,21476,21477,21478,21479,21480,21481,21482,21483,21484,21485,21486,21487,21488,21489,21490,21491,21492,21493,21494,21495,21496,21497,21498,21499,21500,21501,21502,21503,21504,21505,21506,21507,21508,21509,21510,21511,21512,21513,21514,21515,21516,21517,21518,21519,21520,21521,21522,21523,21524,21525,21526,21527,21528,21529,21530,21531,21532,21533,21534,21535,21536,21537,21538,21539,21540,21541,21542,21543,21544,21545,21546,21547,21548,21549,21550,21551,21552,21553,21554,21555,21556,21557,21558,21559,21560,21561,21562,21563,21564,21565,21566,21567,21568,21569,21570,21594,21595,21596,21597,21598,21599,21600,21601,21602,21603,21604,21605,21606,21607,21608,21609,21610,21611,21612,21613,21614,21615,21616,21617,21618,21619,21620,21621,21622,21623,21624,21625,21626,21627,21628,21629,21630,21631,21632,21633,21634,21635,21636,21637,21678,21679,21680,21681,21682,21683,21684,21685,21686,21687,21688,21689,21690,21691,21692,21693,21694,21695,21696,21697,21698,21699,21700,21701,21702,21703,21704,21705,21706,21707,21708,21709,21710,21711,21712,21713,21714,21715,21736,21737,21738,21739,21740,21741,21742,21743,21744,21745,21746,21747,21748,21749,21750,21751,21752,21753,21754,21755,21756,21757,21758,21759,21760,21803,21804,21805,21806,21807,21808,21809,21810,21811,21812,21813,21814,21815,21816,21817,21818,21819,21820,21821,21822,21823,21824,21825,21826,21827,21828,21829,21830,21831,21832,21833,21834,21835,21836,21837,21838,21839,21840,21841,21842,21843,21844,21845,21846,21847,21848,21849,21850,21851,21852,21853,21854,21855,21856,21857,21858,21859,21860,21861,21862,21863,21864,21865,21866,21867,21868,21869,21870,21871,21872,21873,21874,21875,21876,21877,21878,21879,21880,21881,21882,21883,21884,21885,35474,35475,35476,35477,35478,35479,35480,35481,35482,35483,35484,35485,35486,35487,35488,35489,35490,35491,35492,35493,35494,35495,35496,35497,35498,35499,35500,35501,35502,35503,35504,35505,35506,35507,35508,35509,35510,35511,35512,35513,35514,35515,35516,35517,35708,35709,35710,35711,35712,35713,35714,35715,35716,35717,35718,35719,35720,35721,35722,35723,35724,35725,35726,35727,35728,35729,35730,35731,35732,35733,35734,35735,35736,35737,35738,35739,35740,35741,35742,35743,35744,35745,35746,35747,35748,35749,35750,35751,35752,35753,35754,35755,35756,35757,35758,35759,35760,35761,35762,35763,35764,35765,35766,35767,35768,35769,35770,35771,35772,35773,35774,35775,35776,35777,35778,35779,35780,35781,35782,35783,35784,35785,35786,35787,35788,35789,35790,35832,35833,35834,35835,35836,35837,35838,35839,35840,35841,35842,35843,35844,35845,35846,35847,35848,35849,35850,35851,35852,35853,35854,35855,35856,35857,35858,35859,35860,35861,35862,35863,35864,35865,35866,35867,35868,35869,35870,35871,35872,35873,35874,35875,35876,35877,35878,35879,35880,35881,35882,35883,35884,35885,35886,35887,35888,35889,35890,35891,35892,35893,35894,35895,35896,35897,35898,35899,35900,35901,35902,35903,35904,35905,35906,35907,35908,35909,35910,35911,35912,35913,35914,35915,35916,35917,35918,35919,35920,35921,35922,35923,35924,35925,35926,35927,35928,35929,35930,35931,35932,35933,35934,35935,35936,35937,35938,35939,35940,35941,35942,35943,35944,35945,35946,35947,35948,35949,35950,35951,35952,35953,35954,35955,35956,35957,35958,35959,35960,35961,35962,35963,35964,35965,35966,35967,35968,35969,35970,35971,35972,35973,35974,35975,35976,35977,35978,35979,35980,35981,35982,35983,35984,35985,35986,35987,35988,35989,35990,35991,35992,35993,35994,35995,35996,35997,35998,35999,36000,36001,36002,36003,36004,36005,36006,36007,36008,36009,36010,36011,36012,36013,36014,36015,36016,36017,36018,36019,36020,36021,36022,36023,36024,36025,36026,36027,36028,36029,36030,36031,36032,36033,36034,36035,36036,36037,36038,36039,36040,36041,36042,36043,36044,36045,36046,36047,36048,36049,36050,36051,36052,36053,36054,36055,36056,36057,36058,36059,36060,36061,36062,36063,36064,36065,36066,36067,36068,36069,36070,36071,36072,36073,36074,36075,36076,36077,36078,36079,36080,36081,36082,36083,36084,36085,36086,36087,36088,36089,36090,36091,36092,36093,36094,36095,36096,36097,36098,36099,36100,36101,36102,36103,36104,36105,36106,36107,36108,36109,36110,36111,36112,36113,36114,36115,36116,36117,36118,36119,36120,36121,36122,36123,36124,36125,36126,36127,36128,36129,36130,36131,36132,36133,36134,36135,36136,36137,36138,36139,36140,36141,36142,36143,36144,36145,36146,36147,36148,36149,36150,36151,36152,36153,36154,36155,36156,36157,36158,36159,36160,36161,36162,36163,36164,36165,36166,36167,36168,36169,36170,36171,36172,36173,36174,36175,36176,36177,36178,36179,36180,36181,36182,36183,36184,36185,36186,36187,36188,36189,36190,36191,36192,36193,36194,36195,36196,36197,36198,36199,36200
