1
2
3
4
5
6
7
8
9
10
11
12
13
14
15
16
17
18
19,32110,32111,32112,32113,32114,32115,32116,32117,32118,32119,32120,32121,32122,32123,32124,32125,32126,32127,32128,32129,32130,32131,32132,32133,32134,32135,32136,32137,32138,32139,32140,32141,32142,32143,32144,32145,32146,32147,32148,32149,32150,32151,32152,32153,32154,32155,32156,32157,32158,32159,32160,32161,32162,32163,32164,32165,32166,32167,32168,32169,32170,32171,32172,32173,32174,32175,32176,32177,32178,32179,32180,32181,32182,32183,32184,32185,32186,32187,32188,32189,32190,32191,32192,32193,32194,32195,32196,32197,32198,32199,32200,32201,32202,32203,32204,32205,32206,32207,32208,32209,32210,32211,32212,32213,32214,32215,32216,32217,32218,32219,32220,32221,32222,32223,32224,32225,32226,32227,32228,32229,32230,32231,32232,32233,32234,32235,32236,32237,32238,32239,32240,32241,32242,32243,32244,32245,32246,32247,32248,32249,32250,32251,32252,32253,32254,32255,32256,32257,32258,32259,32260,32261,32262,32263,32264,32265,32266,32267,32268,32269,32270,32271,32272,32273,32274,32275,32276,32277,32278,32279,32280,32281,32282,32283,32284,32285,32286,32287,32288,32289,32290,32291,32292,32293,32294,32295,32296,32297,32298,32299,32300,32301,32302,32303,32304,32305,32306,32307,32308,32309,32310,32311,32312,32313,32314,32315,32316,32317,32318,32319,32320,32321,32322,32323,32324,32325,32326,32327,32328,32329,32330,32331,32332,32333,32334,32335,32336,32337,32338,32339,32340,32341,32342,32343,32344,32345,32346,32347,32348,32349,32350,32351,32352,32353,32354,32355,32356,32357,32358,32359,32360,32361,32362,32363,32364,32365,32366,32367,32368,32369,32370,32371,32372,32373,32374,32375,32376,32377,32378,32379,32380,32381,32382,32383,32384,32385,32386,32387,32388,32389,32390,32391,32392,32393,32394,32395,32396,32397,32398,32399,32400,32401,32402,32403,32404,32405,32406,32407,32408,32409,32410,32411,32412,32413,32414,32415,32416,32417,32418,32419,32420,32421,32422,32423,32424,32425,32426,32427,32428,32429,32430,32431,32432,32433,32434,32435,32436,32437,32438,32439,32440,32441,32442,32443,32444,32445,32446,32447,32448,32449,32450,32451,32452,32453,32454,32455,32456,32457,32458,32459,32460,32461,32462,32463,32464,32465,32466,32467,32468,32469,32470,32471,32472,32473,32474,32475,32476,32477,32478,32479,32480,32481,32482,32483,32484,32485,32486,32487,32488,32489,32490,32491,32492,32493,32494,32495,32496,32497,32498,32499,32500,32501,32502,32503,32504,32505,32506,32507,32508,32509,32510,32511,32512,32513,32514,32515,32516,32517,32518,32519,32520,32521,32522,32523,32524,32525,32526,32527,32528,32529,32530,32531,32532,32533,32534,32535,32536,32537,32538,32539,32540,32541,32542,32543,32544,32545,32546,32547,32548,32549,32550,32551,32552,32553,32554,32555,32556,32557,32558,32559,32560,32561,32562,32563,32564,32565,32566,32567,32568,32569,32570,32571,32572,32573,32574,32575,32576,32577,32578,32579,32580,32581,32582,32583,32584,32585,32586,32587,32588,32589,32590,32591,32592,32593,32594,32595,32596,32597,32598,32599,32600,32601,32602,32603,32604,32605,32606,32607,32608,32609,32610,32611,32612,32613,32614,32615,32616,32617,32618,32619,32620,32621,32622,32623,32624,32625,32626,32627,32628,32629,32630,32631,32632,32633,32634,32635,32636,32637,32638,32639,32640,32641,32642,32643,32644,32645,32646,32647,32648,32649,32650,32651,32652,32653,32654,32655,32656,32657,32658,32659,32660,32661,32662,32663,32664,32665,32666,32667,32668,32669,32670,32671,32672,32673,32674,32675,32676,32677,32678,32679,32680,32681,32682,32683,32684,32685,32686,32687,32688,32689,32690,32691,32692,32693,32694,32695,32696,32697,32698,32699,32700,32701,32702,32703,32704,32705,32706,32707,32708,32709,32710,32711,32712,32713,32714,32715,32716,32717,32718,32719,32720,32721,32722,32723,32724,32725,32726,32727,32728,32729,32730,32731,32732,32733,32734,32735,32736,32737,32738,32739,32740,32741,32742,32743,32744,32745,32746,32747,32748,32749,32750,32751,32752,32753,32754,32755,32756,32757,32758,32759,32760,32761,32762,32763,32764,32765,32766,32767,32768,32769,32770,32771,32772,32773,32774,32775,32776,32777,32778,32779,32780,32781,32782,32783,32784,32785,32786,32787,32788,32789,32790,32791,32792,32793,32794,32795,32796,32797,32798,32799,32800,32801,32802,32803,32804,32805,32806,32807,32808,32809,32810,32811,32812,32813,32814,32815,32816,32817,32818,32819,32820,32821,32822,32823,32824,32825,32826,32827,32828,32829,32830,32831,32832,32833,32834,32835,32836,32837,32838,32839,32840,32841,32842,32843,32844,32845,32846,32847,32848,32849,32850,32851,32852,32853,32854,32855,32856,32857,32858,32859,32860,32861,32862,32863,32864,32865,32866,32867,32868,32869,32870,32871,32872,32873,32874,32875,32876,32877,32878,32879,32880,32881,32882,32883,32884,32885,32886,32887,32888,32889,32890,32891,32892,32893,32894,32895,32896,32897,32898,32899,32900,32901,32902,32903,32904,32905,32906,32907,32908,32909,32910,32911,32912,32913,32914,32915,32916,32917,32918,32919,32920,32921,32922,32923,32924,32925,32926,32927,32928,32929,32930,32931,32932,32933,32934,32935,32936,32937,32938,32939,32940,32941,32942,32943,32944,32945,32946,32947,32948,32949,32950,32951,32952,32953,32954,32955,32956,32957,32958,32959,32960,32961,32962,32963,32964,32965,32966,32967,32968,32969,32970,32971,32972,32973,32974,32975,32976,32977,32978,32979,32980,32981,32982,32983,32984,32985,32986,32987,32988,32989,32990,32991,32992,32993,32994,32995,32996,32997,32998,32999,33000,33001,33002,33003,33004,33005,33006,33007,33008,33009,33010,33011,33012,33013,33014,33015,33016,33017,33018,33019,33020,33021,33022,33023,33024,33025,33026,33027,33028,33029,33030,33031,33032,33033,33034,33035,33036,33037,33038,33039,33040,33041,33042,33043,33044,33045,33046,33047,33048,33049,33050,33051,33052,33053,33054,33055,33056,33057,33058,33059,33060,33061,33062,33063,33064,33065,33066,33067,33068,33069,33070,33071,33072,33073,33074,33075,33076,33077,33078,33079,33080,33081,33082,33083,33084,33085,33086,33087,33088,33089,33090,33091,33092,33093,33094,33095,33096,33097,33098,33099,33100,33101,33102,33103,33104,33105,33106,33107,33108,33109,33110,33111,33112,33113,33114,33115,33116,33117,33118,33119,33120,33121,33122,33123,33124,33125,33126,33127,33128,33129,33130,33131,33132,33133,33134,33135,33136,33137,33138,33139,33140,33141,33142,33143,33144,33145,33146,33147,33148,33149,33150,33151,33152,33153,33154,33155,33156,33157,33158,33159,33160,33161,33162,33163,33164,33165,33166,33167,33168,33169,33170,33171,33172,33173,33174,33175,33176,33177,33178,33179,33180,33181,33182,33183,33184,33185,33186,33187,33188,33189,33190,33191,33192,33193,33194,33195,33196,33197,33198,33199,33200,33201,33202,33203,33204,33205,33206,33207,33208,33209,33210,33211,33212,33213,33214,33215,33216,33217,33218,33219,33220,33221,33222,33223,33224,33225,33226,33227,33228,33229,33230,33231,33232,33233,33234,33235,33236,33237,33238,33239,33240,33241,33242,33243,33244,33245,33246,33247,33248,33249,33250,33251,33252,33253,33254,33255,33256,33257,33258,33259,33260,33261,33262,33263,33264,33265,33266,33267,33268,33269,33270,33271,33272,33273,33274,33275,33276,33277,33278,33279,33280,33281,33282,33283,33284,33285,33286,33287,33288,33289,33290,33291,33292,33293,33294,33295,33296,33297,33298,33299,33300,33301,33302,33303,33304,33305,33306,33307,33308,33309,33310,33311,33312,33313,33314,33315,33316,33317,33318,33319,33320,33321,33322,33323,33324,33325,33326,33327,33328,33329,33330,33331,33332,33333,33334,33335,33336,33337,33338,33339,33340,33341,33342,33343,33344,33345,33346,33347,33348,33349,33350,33351,33352,33353,33354,33355,33356,33357,33358,33359,33360,33361,33362,33363,33364,33365,33366,33367,33368,33369,33370,33371,33372,33373,33374,33375,33376,33377,33378,33379,33380,33381,33382,33383,33384,33385,33386,33387,33388,33389,33390,33391,33392,33393,33394,33395,33396,33397,33398,33399,33400,33401,33402,33403,33404,33405,33406,33407,33408,33409,33410,33411,33412,33413,33414,33415,33416,33417,33418,33419,33420,33421,33422,33423,33424,33425,33426,33427,33428,33429,33430,33431,33432,33433,33434,33435,33436,33437,33438,33439,33440,33441,33442,33443,33444,33445,33446,33447,33448,33449,33450,33451,33452,33453,33454,33455,33456,33457,33458,33459,33460,33461,33462,33463,33464,33465,33466,33467,33468,33469,33470,33471,33472,33473,33474,33475,33476,33477,33478,33479,33480,33481,33482,33483,33484,33485,33486,33487,33488,33489,33490,33491,33492,33493,33494,33495,33496,33497,33498,33499,33500,33501,33502,33503,33504,33505,33506,33507,33508,33509,33510,33511,33512,33513,33514,33515,33516,33517,33518,33519,33520,33521,33522,33523,33524,33525,33526,33527,33528,33529,33530,33531,33532,33533,33534,33535,33536,33537,33538,33539,33540,33541,33542,33543,33544,33545,33546,33547,33548,33549,33550,33551,33552,33553,33554,33555,33556,33557,33558,33559,33560,33561,33562,33563,33564,33565,33566,33567,33568,33569,33570,33571,33572,33573,33574,33575,33576,33577,33578,33579,33580,33581,33582,33583,33584,33585,33586,33587,33588,33589,33590,33591,33592,33593,33594,33595,33596,33597,33598,33599,33600,33601,33602,33603,33604,33605,33606,33607,33608,33609,33610,33611,33612,33613,33614,33615,33616,33617,33618,33619,33620,33621,33622,33623,33624,33625,33626,33627,33628,33629,33630,33631,33632,33633,33634,33635,33636,33637,33638,33639,33640,33641,33642,33643,33644,33645,33646,33647,33648,33649,33650,33651,33652,33653,33654,33655,33656,33657,33658,33659,33660,33661,33662,33663,33664,33665,33666,33667,33668,33669,33670,33671,33672,33673,33674,33675,33676,33677,33678,33679,33680,33681,33682,33683,33684,33685,33686,33687,33688,33689,33690,33691,33692,33693,33694,33695,33696,33697,33698,33699,33700,33701,33702,33703,33704,33705,33706,33707,33708,33709,33710,33711,33712,33713,33714,33715,33716,33717,33718,33719,33720,33721,33722,33723,33724,33725,33726,33727,33728,33729,33730,33731,33732,33733,33734,33735,33736,33737,33738,33739,33740,33741,33742,33743,33744,33745,33746,33747,33748,33749,33750,33751,33752,33753,33754,33755,33756,33757,33758,33759,33760,33761,33762,33763,33764,33765,33766,33767,33768,33769,33770,33771,33772,33773,33774,33775,33776,33777,33778,33779,33780,33781,33782,33783,33784,33785,33786,33787,33788,33789,33790,33791,33792,33793,33794,33795,33796,33797,33798,33799,33800,33801,33802,33803,33804,33805,33806,33807,33808,33809,33810,33811,33812,33813,33814,33815,33816,33817,33818,33819,33820,33821,33822,33823,33824,33825,33826,33827,33828,33829,33830,33831,33832,33833,33834,33835,33836,33837,33838,33839,33840,33841,33842,33843,33844,33845,33846,33847,33848,33849,33850,33851,33852,33853,33854,33855,33856,33857,33858,33859,33860,33861,33862,33863,33864,33865,33866,33867,33868,33869,33870,33871,33872,33873,33874,33875,33876,33877,33878,33879,33880,33881,33882,33883,33884,33885,33886,33887,33888,33889,33890,33891,33892,33893,33894,33895,33896,33897,33898,33899,33900,33901,33902,33903,33904,33905,33906,33907,33908,33909,33910,33911,33912,33913,33914,33915,33916,33917,33918,33919,33920,33921,33922,33923,33924,33925,33926,33927,33928,33929,33930,33931,33932,33933,33934,33935,33936,33937,33938,33939,33940,33941,33942,33943,33944,33945,33946,33947,33948,33949,33950,33951,33952,33953,33954,33955,33956,33957,33958,33959,33960,33961,33962,33963,33964,33965,33966,33967,33968,33969,33970,33971,33972,33973,33974,33975,33976,33977,33978,33979,33980,33981,33982,33983,33984,33985,33986,33987,33988,33989,33990,33991,33992,33993,33994,33995,33996,33997,33998,33999,34000,34001,34002,34003,34004,34005,34006,34007,34008,34009,34010,34011,34012,34013,34014,34015,34016,34017,34018,34019,34020,34021,34022,34023,34024,34025,34026,34027,34028,34029,34030,34031,34032,34033,34034,34035,34036,34037,34038,34039,34040,34041,34042,34043,34044,34045,34046,34047,34048,34049,34050,34051,34052,34053,34054,34055,34056,34057,34058,34059,34060,34061,34062,34063,34064,34065,34066,34067,34068,34069,34070,34071,34072,34073,34074,34075,34076,34077,34078,34079,34080,34081,34082,34083,34084,34085,34086,34087,34088,34089,34090,34091,34092,34093,34094,34095,34096,34097,34098,34099,34100,34101,34102,34103,34104,34105,34106,34107,34108,34109,34110,34111,34112,34113,34114,34115,34116,34117,34118,34119,34120,34121,34122,34123,34124,34125,34126,34127,34128,34129,34130,34131,34132,34133,34134,34135,34136,34137,34138,34139,34140,34141,34142,34143,34144,34145,34146,34147,34148,34149,34150,34151,34152,34153,34154,34155,34156,34157,34158,34159,34160,34161,34162,34163,34164,34165,34166,34167,34168,34169,34170,34171,34172,34173,34174,34175,34176,34177,34178,34179,34180,34181,34182,34183,34184,34185,34186,34187,34188,34189,34190,34191,34192,34193,34194,34195,34196,34197,34198,34199,34200,34201,34202,34203,34204,34205,34206,34207,34208,34209,34210,34211,34212,34213,34214,34215,34216,34217,34218,34219,34220,34221,34222,34223,34224,34225,34226,34227,34228,34229,34230,34231,34232,34233,34234,34235,34236,34237,34238,34239,34240,34241,34242,34243,34244,34245,34246,34247,34248,34249,34250,34251,34252,34253,34254,34255,34256,34257,34258,34259,34260,34261,34262,34263,34264,34265,34266,34267,34268,34269,34270,34271,34272,34273,34274,34275,34276,34277,34278,34279,34280,34281,34282,34283,34284,34285,34286,34287,34288,34289,34290,34291,34292,34293,34294,34295,34296,34297,34298,34299,34300,34301,34302,34303,34304,34305,34306,34307,34308,34309,34310,34311,34312,34313,34314,34315,34316,34317,34318,34319,34320,34321,34322,34323,34324,34325,34326,34327,34328,34329,34330,34331,34332,34333,34334,34335,34336,34337,34338,34339,34340,34341,34342,34343,34344,34345,34346,34347,34348,34349,34350,34351,34352,34353,34354,34355,34356,34357,34358,34359,34360,34361,34362,34363,34364,34365,34366,34367,34368,34369,34370,34371,34372,34373,34374,34375,34376,34377,34378,34379,34380,34381,34382,34383,34384,34385,34386,34387,34388,34389,34390,34391,34392,34393,34394,34395,34396,34397,34398,34399,34400,34401,34402,34403,34404,34405,34406,34407,34408,34409,34410,34411,34412,34413,34414,34415,34416,34417,34418,34419,34420,34421,34422,34423,34424,34425,34426,34427,34428,34429,34430,34431,34432,34433,34434,34435,34436,34437,34438,34439,34440,34441,34442,34443,34444,34445,34446,34447,34448,34449,34450,34451,34452,34453,34454,34455,34456,34457,34458,34459,34460,34461,34462,34463,34464,34465,34466,34467,34468,34469,34470,34471,34472,34473,34474,34475,34476,34477,34478,34479,34480,34481,34482,34483,34484,34485,34486,34487,34488,34489,34490,34491,34492,34493,34494,34495,34496,34497,34498,34499,34500,34501,34502,34503,34504,34505,34506,34507,34508,34509,34510,34511,34512,34513,34514,34515,34516,34517,34518,34519,34520,34521,34522,34523,34524,34525,34526,34527,34528,34529,34530,34531,34532,34533,34534,34535,34536,34537,34538,34539,34540,34541,34542,34543,34544,34545,34546,34547,34548,34549,34550,34551,34552,34553,34554,34555,34556,34557,34558,34559,34560,34561,34562,34563,34564,34565,34566,34567,34568,34569,34570,34571,34572,34573,34574,34575,34576,34577,34578,34579,34580,34581,34582,34583,34584,34585,34586,34587,34588,34589,34590,34591,34592,34593,34594,34595,34596,34597,34598,34599,34600,34601,34602,34603,34604,34605,34606,34607,34608,34609,34610,34611,34612,34613,34614,34615,34616,34617,34618,34619,34620,34621,34622,34623,34624,34625,34626,34627,34628,34629,34630,34631,34632,34633,34634,34635,34636,34637,34638,34639,34640,34641,34642,34643,34644,34645,34646,34647,34648,34649,34650,34651,34652,34653,34654,34655,34656,34657,34658,34659,34660,34661,34662,34663,34664,34665,34666,34667,34668,34669,34670,34671,34672,34673,34674,34675,34676,34677,34678,34679,34680,34681,34682,34683,34684,34685,34686,34687,34688,34689,34690,34691,34692,34693,34694,34695,34696,34697,34698,34699,34700,34701,34702,34703,34704,34705,34706,34707,34708,34709,34710,34711,34712,34713,34714,34715,34716,34717,34718,34719,34720,34721,34722,34723,34724,34725,34726,34727,34728,34729,34730,34731,34732,34733,34734,34735,34736,34737,34738,34739,34740,34741,34742,34743,34744,34745,34746,34747,34748,34749,34750,34751,34752,34753,34754,34755,34756,34757,34758,34759,34760,34761,34762,34763,34764,34765,34766,34767,34768,34769,34770,34771,34772,34773,34774,34775,34776,34777,34778,34779,34780,34781,34782,34783,34784,34785,34786,34787,34788,34789,34790,34791,34792,34793,34794,34795,34796,34797,34798,34799,34800,34801,34802,34803,34804,34805,34806,34807,34808,34809,34810,34811,34812,34813,34814,34815,34816,34817,34818,34819,34820,34821,34822,34823,34824,34825,34826,34827,34828,34829,34830,34831,34832,34833,34834,34835,34836,34837,34838,34839,34840,34841,34842,34843,34844,34845,34846,34847,34848,34849,34850,34851,34852,34853,34854,34855,34856,34857,34858,34859,34860,34861,34862,34863,34864,34865,34866,34867,34868,34869,34870,34871,34872,34873,34874,34875,34876,34877,34878,34879,34880,34881,34882,34883,34884,34885,34886,34887,34888,34889,34890,34891,34892,34893,34894,34895,34896,34897,34898,34899,34900,34901,34902,34903,34904,34905,34906,34907,34908,34909,34910,34911,34912,34913,34914,34915,34916,34917,34918,34919,34920,34921,34922,34923,34924,34925,34926,34927,34928,34929,34930,34931,34932,34933,34934,34935,34936,34937,34938,34939,34940,34941,34942,34943,34944,34945,34946,34947,34948,34949,34950,34951,34952,34953,34954,34955,34956,34957,34958,34959,34960,34961,34962,34963,34964,34965,34966,34967,34968,34969,34970,34971,34972,34973,34974,34975,34976,34977,34978,34979,34980,34981,34982,34983,34984,34985,34986,34987,34988,34989,34990,34991,34992,34993,34994,34995,34996,34997,34998,34999,35000,35001,35002,35003,35004,35005,35006,35007,35008,35009,35010,35011,35012,35013,35014,35015,35016,35017,35018,35019,35020,35021,35022,35023,35024,35025,35026,35027,35028,35029,35030,35031,35032,35033,35034,35035,35036,35037,35038,35039,35040,35041,35042,35043,35044,35045,35046,35047,35048,35049,35050,35051,35052,35053,35054,35055,35056,35057,35058,35059,35060,35061,35062,35063,35064,35065,35066,35067,35068,35069,35070,35071,35072,35073,35074,35075,35076,35077,35078,35079,35080,35081,35082,35083,35084,35085,35086,35087,35088,35089,35090,35091,35092,35093,35094,35095,35096,35097,35098,35099,35100,35101,35102,35103,35104,35105,35106,35107,35108,35109,35110,35111,35112,35113,35114,35115,35116,35117,35118,35119,35120,35121,35122,35123,35124,35125,35126,35127,35128,35129,35130,35131,35132,35133,35134,35135,35136,35137,35138,35139,35140,35141,35142,35143,35144,35145,35146,35147,35148,35149,35150,35151,35152,35153,35154,35155,35156,35157,35158,35159,35160,35161,35162,35163,35164,35165,35166,35167,35168,35169,35170,35171,35172,35173,35174,35175,35176,35177,35178,35179,35180,35181,35182,35183,35184,35185,35186,35187,35188,35189,35190,35191,35192,35193,35194,35195,35196,35197,35198,35199,35200,35201,35202,35203,35204,35205,35206,35207,35208,35209,35210,35211,35212,35213,35214,35215,35216,35217,35218,35219,35220,35221,35222,35223,35224,35225,35226,35227,35228,35229,35230,35231,35232,35233,35234,35235,35236,35237,35238,35239,35240,35241,35242,35243,35244,35245,35246,35247,35248,35249,35250,35251,35252,35253,35254,35255,35256,35257,35258,35259,35260,35261,35262,35263,35264,35265,35266,35267,35268,35269,35270,35271,35272,35273,35274,35275,35276,35277,35278,35279,35280,35281,35282,35283,35284,35285,35286,35287,35288,35289,35290,35291,35292,35293,35294,35295,35296,35297,35298,35299,35300,35301,35302,35303,35304,35305,35306,35307,35308,35309,35310,35311,35312,35313,35314,35315,35316,35317,35318,35319,35320,35321,35322,35323,35324,35325,35326,35327,35328,35329,35330,35331,35332,35333,35334,35335,35336,35337,35338,35339,35340,35341,35342,35343,35344,35345,35346,35347,35348,35349,35350,35351,35352,35353,35354,35355,35356,35357,35358,35359,35360,35361,35362,35363,35364,35365,35366,35367,35368,35369,35370,35371,35372,35373,35374,35375,35376,35377,35378,35379,35380,35381,35382,35383,35384,35385,35386,35387,35388,35389,35390,35391,35392,35393,35394,35395,35396,35397,35398,35399,35400,35401,35402,35403,35404,35405,35406,35407,35408,35409,35410,35411,35412,35413,35414,35415,35416,35417,35418,35419,35420,35421,35422,35423,35424,35425,35426,35427,35428,35429,35430,35431,35432,35433,35434,35435,35436,35437,35438,35439,35440,35441,35442,35443,35444,35445,35446,35447,35448,35449,35450,35451,35452,35453,35454,35455,35456,35457,35458,35459,35460,35461,35462,35463,35464,35465,35466,35467,35468,35469,35470,35471,35472,35473,35474,35475,35476,35477,35478,35479,35480,35481,35482,35483,35484,35485,35486,35487,35488,35489,35490,35491,35492,35493,35494,35495,35496,35497,35498,35499,35500,35501,35502,35503,35504,35505,35506,35507,35508,35509,35510,35511,35512,35513,35514,35515,35516,35517,35518,35519,35520,35521,35522,35523,35524,35525,35526,35527,35528,35529,35530,35531,35532,35533,35534,35535,35536,35537,35538,35539,35540,35541,35542,35543,35544,35545,35546,35547,35548,35549,35550,35551,35552,35553,35554,35555,35556,35557,35558,35559,35560,35561,35562,35563,35564,35565,35566,35567,35568,35569,35570,35571,35572,35573,35574,35575,35576,35577,35578,35579,35580,35581,35582,35583,35584,35585,35586,35587,35588,35589,35590,35591,35592,35593,35594,35595,35596,35597,35598,35599,35600,35601,35602,35603,35604,35605,35606,35607,35608,35609,35610,35611,35612,35613,35614,35615,35616,35617,35618,35619,35620,35621,35622,35623,35624,35625,35626,35627,35628,35629,35630,35631,35632,35633,35634,35635,35636,35637,35638,35639,35640,35641,35642,35643,35644,35645,35646,35647,35648,35649,35650,35651,35652,35653,35654,35655,35656,35657,35658,35659,35660,35661,35662,35663,35664,35665,35666,35667,35668,35669,35670,35671,35672,35673,35674,35675,35676,35677,35678,35679,35680,35681,35682,35683,35684,35685,35686,35687,35688,35689,35690,35691,35692,35693,35694,35695,35696,35697,35698,35699,35700,35701,35702,35703,35704,35705,35706,35707,35708,35709,35710,35711,35712,35713,35714,35715,35716,35717,35718,35719,35720,35721,35722,35723,35724,35725,35726,35727,35728,35729,35730,35731,35732,35733,35734,35735,35736,35737,35738,35739,35740,35741,35742,35743,35744,35745,35746,35747,35748,35749,35750,35751,35752,35753,35754,35755,35756,35757,35758,35759,35760,35761,35762,35763,35764,35765,35766,35767,35768,35769,35770,35771,35772,35773,35774,35775,35776,35777,35778,35779,35780,35781,35782,35783,35784,35785,35786,35787,35788,35789,35790,35791,35792,35793,35794,35795,35796,35797,35798,35799,35800,35801,35802,35803,35804,35805,35806,35807,35808,35809,35810,35811,35812,35813,35814,35815,35816,35817,35818,35819,35820,35821,35822,35823,35824,35825,35826,35827,35828,35829,35830,35831,35832,35833,35834,35835,35836,35837,35838,35839,35840,35841,35842,35843,35844,35845,35846,35847,35848,35849,35850,35851,35852,35853,35854,35855,35856,35857,35858,35859,35860,35861,35862,35863,35864,35865,35866,35867,35868,35869,35870,35871,35872,35873,35874,35875,35876,35877,35878,35879,35880,35881,35882,35883,35884,35885,35886,35887,35888,35889,35890,35891,35892,35893,35894,35895,35896,35897,35898,35899,35900,35901,35902,35903,35904,35905,35906,35907,35908,35909,35910,35911,35912,35913,35914,35915,35916,35917,35918,35919,35920,35921,35922,35923,35924,35925,35926,35927,35928,35929,35930,35931,35932,35933,35934,35935,35936,35937,35938,35939,35940,35941,35942,35943,35944,35945,35946,35947,35948,35949,35950,35951,35952,35953,35954,35955,35956,35957,35958,35959,35960,35961,35962,35963,35964,35965,35966,35967,35968,35969,35970,35971,35972,35973,35974,35975,35976,35977,35978,35979,35980,35981,35982,35983,35984,35985,35986,35987,35988,35989,35990,35991,35992,35993,35994,35995,35996,35997,35998,35999,36000,36001,36002,36003,36004,36005,36006,36007,36008,36009,36010,36011,36012,36013,36014,36015,36016,36017,36018,36019,36020,36021,36022,36023,36024,36025,36026,36027,36028,36029,36030,36031,36032,36033,36034,36035,36036,36037,36038,36039,36040,36041,36042,36043,36044,36045,36046,36047,36048,36049,36050,36051,36052,36053,36054,36055,36056,36057,36058,36059,36060,36061,36062,36063,36064,36065,36066,36067,36068,36069,36070,36071,36072,36073,36074,36075,36076,36077,36078,36079,36080,36081,36082,36083,36084,36085,36086,36087,36088,36089,36090,36091,36092,36093,36094,36095,36096,36097,36098,36099,36100,36101,36102,36103,36104,36105,36106,36107,36108,36109,36110,36111,36112,36113,36114,36115,36116,36117,36118,36119,36120,36121,36122,36123,36124,36125,36126,36127,36128,36129,36130,36131,36132,36133,36134,36135,36136,36137,36138,36139,36140,36141,36142,36143,36144,36145,36146,36147,36148,36149,36150,36151,36152,36153,36154,36155,36156,36157,36158,36159,36160,36161,36162,36163,36164,36165,36166,36167,36168,36169,36170,36171,36172,36173,36174,36175,36176,36177,36178,36179,36180,36181,36182,36183,36184,36185,36186,36187,36188,36189,36190,36191,36192,36193,36194,36195,36196,36197,36198,36199,36200,36201,36202,36203,36204,36205,36206,36207,36208,36209,36210,36211,36212,36213,36214,36215,36216,36217,36218,36219,36220,36221,36222,36223,36224,36225,36226,36227,36228,36229,36230,36231,36232,36233,36234,36235,36236,36237,36238,36239,36240,36241,36242,36243,36244,36245,36246,36247,36248,36249,36250,36251,36252,36253,36254,36255,36256,36257,36258,36259,36260,36261,36262,36263,36264,36265,36266,36267,36268,36269,36270,36271,36272,36273,36274,36275,36276,36277,36278,36279,36280,36281,36282,36283,36284,36285,36286,36287,36288,36289,36290,36291,36292,36293,36294,36295,36296,36297,36298,36299,36300,36301,36302,36303,36304,36305,36306,36307,36308,36309,36310,36311,36312,36313,36314,36315,36316,36317,36318,36319,36320,36321,36322,36323,36324,36325,36326,36327,36328,36329,36330,36331,36332,36333,36334,36335,36336,36337,36338,36339,36340,36341,36342,36343,36344,36345,36346,36347,36348,36349,36350,36351,36352,36353,36354,36355,36356,36357,36358,36359,36360,36361,36362,36363,36364,36365,36366,36367,36368,36369,36370,36371,36372,36373,36374,36375,36376,36377,36378,36379,36380,36381,36382,36383,36384,36385,36386,36387,36388,36389,36390,36391,36392,36393,36394,36395,36396,36397,36398,36399,36400,36401,36402,36403,36404,36405,36406,36407,36408,36409,36410,36411,36412,36413,36414,36415,36416,36417,36418,36419,36420,36421,36422,36423,36424,36425,36426,36427,36428,36429,36430,36431,36432,36433,36434,36435,36436,36437,36438,36439,36440,36441,36442,36443,36444,36445,36446,36447,36448,36449,36450,36451,36452,36453,36454,36455,36456,36457,36458,36459,36460,36461,36462,36463,36464,36465,36466,36467,36468,36469,36470,36471,36472,36473,36474,36475,36476,36477,36478,36479,36480,36481,36482,36483,36484,36485,36486,36487,36488,36489,36490,36491,36492,36493,36494,36495,36496,36497,36498,36499,36500,36501,36502,36503,36504,36505,36506,36507,36508,36509,36510,36511,36512,36513,36514,36515,36516,36517,36518,36519,36520,36521,36522,36523,36524,36525,36526,36527,36528,36529,36530,36531,36532,36533,36534,36535,36536,36537,36538,36539,36540,36541,36542,36543,36544,36545,36546,36547,36548,36549,36550,36551,36552,36553,36554,36555,36556,36557,36558,36559,36560,36561,36562,36563,36564,36565,36566,36567,36568,36569,36570,36571,36572,36573,36574,36575,36576,36577,36578,36579,36580,36581,36582,36583,36584,36585,36586,36587,36588,36589,36590,36591,36592,36593,36594,36595,36596,36597,36598,36599,36600,36601,36602,36603,36604,36605,36606,36607,36608,36609,36610,36611,36612,36613,36614,36615,36616,36617,36618,36619,36620,36621,36622,36623,36624,36625,36626,36627,36628,36629,36630,36631,36632,36633,36634,36635,36636,36637,36638,36639,36640,36641,36642,36643,36644,36645,36646,36647,36648,36649,36650,36651,36652,36653,36654,36655,36656,36657,36658,36659,36660,36661,36662,36663,36664,36665,36666,36667,36668,36669,36670,36671,36672,36673,36674,36675,36676,36677,36678,36679,36680,36681,36682,36683,36684,36685,36686,36687,36688,36689,36690,36691,36692,36693,36694,36695,36696,36697,36698,36699,36700,36701,36702,36703,36704,36705,36706,36707,36708,36709,36710,36711,36712,36713,36714,36715,36716,36717,36718,36719,36720,36721,36722,36723,36724,36725,36726,36727,36728,36729,36730,36731,36732,36733,36734,36735,36736,36737,36738,36739,36740,36741,36742,36743,36744,36745,36746,36747,36748,36749,36750,36751,36752,36753,36754,36755,36756,36757,36758,36759,36760,36761,36762,36763,36764,36765,36766,36767,36768,36769,36770,36771,36772,36773,36774,36775,36776,36777,36778,36779,36780,36781,36782,36783,36784,36785,36786,36787,36788,36789,36790,36791,36792,36793,36794,36795,36796,36797,36798,36799,36800,36801,36802,36803,36804,36805,36806,36807,36808,36809,36810,36811,36812,36813,36814,36815,36816,36817,36818,36819,36820,36821,36822,36823,36824,36825,36826,36827,36828,36829,36830,36831,36832,36833,36834,36835,36836,36837,36838,36839,36840,36841,36842,36843,36844,36845,36846,36847,36848,36849,36850,36851,36852,36853,36854,36855,36856,36857,36858,36859,36860,36861,36862,36863,36864,36865,36866,36867,36868,36869,36870,36871,36872,36873,36874,36875,36876,36877,36878,36879,36880,36881,36882,36883,36884,36885,36886,36887,36888,36889,36890,36891,36892,36893,36894,36895,36896,36897,36898,36899,36900,36901,36902,36903,36904,36905,36906,36907,36908,36909,36910,36911,36912,36913,36914,36915,36916,36917,36918,36919,36920,36921,36922,36923,36924,36925,36926,36927,36928,36929,36930,36931,36932,36933,36934,36935,36936,36937,36938,36939,36940,36941,36942,36943,36944,36945,36946,36947,36948,36949,36950,36951,36952,36953,36954,36955,36956,36957,36958,36959,36960,36961,36962,36963,36964,36965,36966,36967,36968,36969,36970,36971,36972,36973,36974,36975,36976,36977,36978,36979,36980,36981,36982,36983,36984,36985,36986,36987,36988,36989,36990,36991,36992,36993,36994,36995,36996,36997,36998,36999,37000,37001,37002,37003,37004,37005,37006,37007,37008,37009,37010,37011,37012,37013,37014,37015,37016,37017,37018,37019,37020,37021,37022,37023,37024,37025,37026,37027,37028,37029,37030,37031,37032,37033,37034,37035,37036,37037,37038,37039,37040,37041,37042,37043,37044,37045,37046,37047,37048,37049,37050,37051,37052,37053,37054,37055,37056,37057,37058,37059,37060,37061,37062,37063,37064,37065,37066,37067,37068,37069,37070,37071,37072,37073,37074,37075,37076,37077,37078,37079,37080,37081,37082,37083,37084,37085,37086,37087,37088,37089,37090,37091,37092,37093,37094,37095,37096,37097,37098,37099,37100,37101,37102,37103,37104,37105,37106,37107,37108,37109,37110,37111,37112,37113,37114,37115,37116,37117,37118,37119,37120,37121,37122,37123,37124,37125,37126,37127,37128,37129,37130,37131,37132,37133,37134,37135,37136,37137,37138,37139,37140,37141,37142,37143,37144,37145,37146,37147,37148,37149,37150,37151,37152,37153,37154,37155,37156,37157,37158,37159,37160,37161,37162,37163,37164,37165,37166,37167,37168,37169,37170,37171,37172,37173,37174,37175,37176,37177,37178,37179,37180,37181,37182,37183,37184,37185,37186,37187,37188,37189,37190,37191,37192,37193,37194,37195,37196,37197,37198,37199,37200,37201,37202,37203,37204,37205,37206,37207,37208,37209,37210,37211,37212,37213,37214,37215,37216,37217,37218,37219,37220,37221,37222,37223,37224,37225,37226,37227,37228,37229,37230,37231,37232,37233,37234,37235,37236,37237,37238,37239,37240,37241,37242,37243,37244,37245,37246,37247,37248,37249,37250,37251,37252,37253,37254,37255,37256,37257,37258,37259,37260,37261,37262,37263,37264,37265,37266,37267,37268,37269,37270,37271,37272,37273,37274,37275,37276,37277,37278,37279,37280,37281,37282,37283,37284,37285,37286,37287,37288,37289,37290,37291,37292,37293,37294,37295,37296,37297,37298,37299,37300,37301,37302,37303,37304,37305,37306,37307,37308,37309,37310,37311,37312,37313,37314,37315,37316,37317,37318,37319,37320,37321,37322,37323,37324,37325,37326,37327,37328,37329,37330,37331,37332,37333,37334,37335,37336,37337,37338,37339,37340,37341,37342,37343,37344,37345,37346,37347,37348,37349,37350,37351,37352,37353,37354,37355,37356,37357,37358,37359,37360,37361,37362,37363,37364,37365,37366,37367,37368,37369,37370,37371,37372,37373,37374,37375,37376,37377,37378,37379,37380,37381,37382,37383,37384,37385,37386,37387,37388,37389,37390,37391,37392,37393,37394,37395,37396,37397,37398,37399,37400,37401,37402,37403,37404,37405,37406,37407,37408,37409,37410,37411,37412,37413,37414,37415,37416,37417,37418,37419,37420,37421,37422,37423,37424,37425,37426,37427,37428,37429,37430,37431,37432,37433,37434,37435,37436,37437,37438,37439,37440,37441,37442,37443,37444,37445,37446,37447,37448,37449,37450,37451,37452,37453,37454,37455,37456,37457,37458,37459,37460,37461,37462,37463,37464,37465,37466,37467,37468,37469,37470,37471,37472,37473,37474,37475,37476,37477,37478,37479,37480,37481,37482,37483,37484,37485,37486,37487,37488,37489,37490,37491,37492,37493,37494,37495,37496,37497,37498,37499,37500,37501,37502,37503,37504,37505,37506,37507,37508,37509,37510,37511,37512,37513,37514,37515,37516,37517,37518,37519,37520,37521,37522,37523,37524,37525,37526,37527,37528,37529,37530,37531,37532,37533,37534,37535,37536,37537,37538,37539,37540,37541,37542,37543,37544,37545,37546,37547,37548,37549,37550,37551,37552,37553,37554,37555,37556,37557,37558,37559,37560,37561,37562,37563,37564,37565,37566,37567,37568,37569,37570,37571,37572,37573,37574,37575,37576,37577,37578,37579,37580,37581,37582,37583,37584,37585,37586,37587,37588,37589,37590,37591,37592,37593,37594,37595,37596,37597,37598,37599,37600,37601,37602,37603,37604,37605,37606,37607,37608,37609,37610,37611,37612,37613,37614,37615,37616,37617,37618,37619,37620,37621,37622,37623,37624,37625,37626,37627,37628,37629,37630,37631,37632,37633,37634,37635,37636,37637,37638,37639,37640,37641,37642,37643,37644,37645,37646,37647,37648,37649,37650,37651,37652,37653,37654,37655,37656,37657,37658,37659,37660,37661,37662,37663,37664,37665,37666,37667,37668,37669,37670,37671,37672,37673,37674,37675,37676,37677,37678,37679,37680,37681,37682,37683,37684,37685,37686,37687,37688,37689,37690,37691,37692,37693,37694,37695,37696,37697,37698,37699,37700,37701,37702,37703,37704,37705,37706,37707,37708,37709,37710,37711,37712,37713,37714,37715,37716,37717,37718,37719,37720,37721,37722,37723,37724,37725,37726,37727,37728,37729,37730,37731,37732,37733,37734,37735,37736,37737,37738,37739,37740,37741,37742,37743,37744,37745,37746,37747,37748,37749,37750,37751,37752,37753,37754,37755,37756,37757,37758,37759,37760,37761,37762,37763,37764,37765,37766,37767,37768,37769,37770,37771,37772,37773,37774,37775,37776,37777,37778,37779,37780,37781,37782,37783,37784,37785,37786,37787,37788,37789,37790,37791,37792,37793,37794,37795,37796,37797,37798,37799,37800,37801,37802,37803,37804,37805,37806,37807,37808,37809,37810,37811,37812,37813,37814,37815,37816,37817,37818,37819,37820,37821,37822,37823,37824,37825,37826,37827,37828,37829,37830,37831,37832,37833,37834,37835,37836,37837,37838,37839,37840,37841,37842,37843,37844,37845,37846,37847,37848,37849,37850,37851,37852,37853,37854,37855,37856,37857,37858,37859,37860,37861,37862,37863,37864,37865,37866,37867,37868,37869,37870,37871,37872,37873,37874,37875,37876,37877,37878,37879,37880,37881,37882,37883,37884,37885,37886,37887,37888,37889,37890,37891,37892,37893,41390,41391,41392,41393,41394,41395,41396,41397,41398,41399,41400,41401,41402,41403,41404,41405,41406,41407,41408,41409,41410,41411,41412,41413,41414,41415,41416,41417,41418,41419,41420,41421,41422,41423,41424,41425,41426,41427,41428,41429,41430,41431,41432,41433,41434,41435,41436,41437,41438,41439,41440,41441,41442,41443,41444,41445,41446,41447,41448,41449,41450,41451,41452,41453,41454,41455,41456,41457,41458,41459,41460,41461,41462,41463,41464,41465,41466,41467,41468,41469,41470,41471,41472,41473,41474,41475,41476,41477,41478,41479,41480,41481,41482,41483,41484,41485,41486,41487,41488,41489,41490,41491,41492,41493,41494,41495,41496,41497,41498,41499,41500,41501,41502,41503,41504,41505,41506,41507,41508,41509,41510,41511,41512,41513,41514,41515,41516,41517,41518,41519,41520,41521,41522,41523,41524,41525,41526,41527,41528,41529,41530,41531,41532,41533,41534,41535,41536,41537,41538,41539,41540,41541,41542,41543,41544,41545,41546,41547,41548,41549,41550,41551,41552,41553,41554,41555,41556,41557,41558,41559,41560,41561,41562,41563,41564,41565,41566,41567,41568,41569,41570,41571,41572,41573,41574,41575,41576,41577,41578,41579,41580,41581,41582,41583,41584,41585,41586,41587,41588,41589,41590,41591,41592,41593,41594,41595,41596,41597,41598,41599,41600,41601,41602,41603,41604,41605,41606,41607,41608,41609,41610,41611,41612,41613,41614,41615,41616,41617,41618,41619,41620,41621,41622,41623,41624,41625,41626,41627,41628,41629,41630,41631,41632,41633,41634,41635,41636,41637,41638,41639,41640,41641,41642,41643,41644,41645,41646,41647,41648,41649,41650,41651,41652,41653,41654,41655,41656,41657,41658,41659,41660,41661,41662,41663,41664,41665,41666,41667,41668,41669,41670,41671,41672,41673,41674,41675,41676,41677,41678,41679,41680,41681,41682,41683,41684,41685,41686,41687,41688,41689,41690,41691,41692,41693,41694,41695,41696,41697,41698,41699,41700,41701,41702,41703,41704,41705,41706,41707,41708,41709,41710,41711,41712,41713,41714,41715,41716,41717,41718,41719,41720,41721,41722,41723,41724,41725,41726,41727,41728,41729,41730,41731,41732,41733,41734,41735,41736,41737,41738,41739,41740,41741,41742,41743,41744,41745,41746,41747,41748,41749,41750,41751,41752,41753,41754,41755,41756,41757,41758,41759,41760,41761,41762,41763,41764,41765,41766,41767,41768,41769,41770,41771,41772,41773,41774,41775,41776,41777,41778,41779,41780,41781,41782,41783,41784,41785,41786,41787,41788,41789,41790,41791,41792,41793,41794,41795,41796,41797,41798,41799,41800,41801,41802,41803,41804,41805,41806,41807,41808,41809,41810,41811,41812,41813,41814,41815,41816,41817,41818,41819,41820,42250,42251,42252,42253,42254,42255,42256,42257,42258,42259,42260,42261,42262,42263,42264,42265,42266,42267,42268,42269,42270,42271,42272,42273,42274,42275,42276,42277,42278,42279,42280,42281,42282,42283,42284,42285,42286,42287,42288,42289,42290,42291,42292,42293,42294,42295,42296,42297,42298,42299,42300,42301,42302,42303,42304,42305,42306,42307,42308,42309,42310,42311,42312,42313,42314,42315,42316,42317,42318,42319,42320,42321,42322,42323,42324,42325,42326,42327,42328,42329,42330,42331,42332,42333,42334,42335,42336,42337,42338,42339,42340,42341,42342,42343,42344,42345,42346,42347,42348,42349,42350,42351,42352,42353,42354,42355,42356,42357,42358,42359,42360,42361,42362,42363,42364,42365,42366,42367,42368,42369,42370,42371,42372,42373,42374,42375,42376,42377,42378,42379,42380,42381,42382,42383,42384,42385,42386,42387,42388,42389,42390,42391,42392,42393,42394,42395,42396,42397,42398,42399,42400,42401,42402,42403,42404,42405,42406,42407,42408,42409,42410,42411,42412,42413,42414,42415,42416,42417,42418,42419,42420,42421,42422,42423,42424,42425,42426,42427,42428,42429,42430,42431,42432,42433,42434,42435,42436,42437,42438,42439,42440,42441,42442,42443,42444,42445,42446,42447,42448,42449,42450,42451,42452,42453,42454,42455,42456,42457,42458,42459,42460,42461,42462,42463,42464,42465,42466,42467,42468,42469,42470,42471,42472,42473,42474,42475,42476,42477,42478,42479,42480,42481,42482,42483,42484,42485,42486,42487,42488,42489,42490,42491,42492,42493,42494,42495,42496,42497,42498,42499,42500,42501,42502,42503,42504,42505,42506,42507,42508,42509,42510,42511,42512,42513,42514,42515,42516,42517,42518,42519,42520,42521,42522,42523,42524,42525,42526,42527,42528,42529,42530,42531,42532,42533,42534,42535,42536,42537,42538,42539,42540,42541,42542,42543,42544,42545,42546,42547,42548,42549,42550,42551,42552,42553,42554,42555,42556,42557,42558,42559,42560,42561,42562,42563,42564,42565,42566,42567,42568,42569,42570,42571,42572,42573,42574,42575,42576,42577,42578,42579,42580,42581,42582,42583,42584,42585,42586,42587,42588,42589,42590,42591,42592,42593,42594,42595,42596,42597,42598,42599,42600,42601,42602,42603,42604,42605,42606,42607,42608,42609,42610,42611,42612,42613,42614,42615,42616,42617,42618,42619,42620,42621,42622,42623,42624,42625,42626,42627,42628,42629,42630,42631,42632,42633,42634,42635,42636,42637,42638,42639,42640,42641,42642,42643,42644,42645,42646,42647,42648,42649,42650,42651,42652,42653,42654,42655,42656,42657,42658,42659,42660,42661,42662,42663,42664,42665,42666,42667,42668,42669,42670,42671,42672,42673,42674,42675,42676,42677,42678,42679,42680,42681,42682,42683,42684,42685,42686,42687,42688,42689,42690,42691,42692,42693,42694,42695,42696,42697,42698,42699,42700,42701,42702,42703,42704,42705,42706,42707,42708,42709,42710,42711,42712,42713,42714,42715,42716,42717,42718,42719,42720,42721,42722,42723,42724,42725,42726,42727,42728,42729,42730,42731,42732,42733,42734,42735,42736,42737,42738,42739,42740,42741,42742,42743,42744,42745,42746,42747,42748,42749,42750,42751,42752,42753,42754,42755,42756,42757,42758,42759,42760,42761,42762,42763,42764,42765,42766,42767,42768,42769,42770,42771,42772,42773,42774,42775,42776,42777,42778,42779,42780,42781,42782,42783,42784,42785,42786,42787,42788,42789,42790,42791,42792,42793,42794,42795,42796,42797,42798,42799,42800,42801,42802,42803,42804,42805,42806,42807,42808,42809,42810,42811,42812,42813,42814,42815,42816,42817,42818,42819,42820,42821,42822,42823,42824,42825,42826,42827,42828,42829,42830,42831,42832,42833,42834,42835,42836,42837,42838,42839,42840,42841,42842,42843,42844,42845,42846,42847,42848,42849,42850,42851,42852,42853,42854,42855,42856,42857,42858,42859,42860,42861,42862,42863,42864,42865,42866,42867,42868,42869,42870,42871,42872,42873,42874,42875,42876,42877,42878,42879,42880,42881,42882,42883,42884,42885,42886,42887,42888,42889,42890,42891,42892,42893,42894,42895,42896,42897,42898,42899,42900,42901,42902,42903,42904,42905,42906,42907,42908,42909,42910,42911,42912,42913,42914,42915,42916,42917,42918,42919,42920,42921,42922,42923,42924,42925,42926,42927,42928,42929,42930,42931,42932,42933,42934,42935,42936,42937,42938,42939,42940,42941,42942,42943,42944,42945,42946,42947,42948,42949,42950,42951,42952,42953,42954,42955,42956,42957,42958,42959,42960,42961,42962,42963,42964,42965,42966,42967,42968,42969,42970,42971,42972,42973,42974,42975,42976,42977,42978,42979,42980,42981,42982,42983,42984,42985,42986,42987,42988,42989,42990,42991,42992,42993,42994,42995,42996,42997,42998,42999,43000,43001,43002,43003,43004,43005,43006,43007,43008,43009,43010,43011,43012,43013,43014,43015,43016,43017,43018,43019,43020,43021,43022,43023,43024,43025,43026,43027,43028,43029,43030,43031,43032,43033,43034,43035,43036,43037,43038,43039,43040,43041,43042,43043,43044,43045,43046,43047,43048,43049,43050,43051,43052,43053,43054,43055,43056,43057,43058,43059,43060,43061,43062,43063,43064,43065,43066,43067,43068,43069,43070,43071,43072,43073,43074,43075,43076,43077,43078,43079,43080,43081,43082,43083,43084,43085,43086,43087,43088,43089,43090,43091,43092,43093,43094,43095,43096,43097,43098,43099,43100,43101,43102,43103,43104,43105,43106,43107,43108,43109,43110,43111,43112,43113,43114,43115,43116,43117,43118,43119,43120,43121,43122,43123,43124,43125,43126,43127,43128,43129,43130,43131,43132,43133,43134,43135,43136,43137,43138,43139,43140,43141,43142,43143,43144,43145,43146,43147,43148,43149,43150,43151,43152,43153,43154,43155,43156,43157,43158,43159,43160,43161,43162,43163,43164,43165,43166,43167,43168,43169,43170,43171,43172,43173,43174,43175,43176,43177,43178,43179,43180,43181,43182,43183,43184,43185,43186,43187,43188,43189,43190,43191,43192,43193,43194,43195,43196,43197,43198,43199,43200,43201,43202,43203,43204,43205,43206,43207,43208,43209,43210,43211,43212,43213,43214,43215,43216,43217,43218,43219,43220,43221,43222,43223,43224,43225,43226,43227,43228,43229,43230,43231,43232,43233,43234,43235,43236,43237,43238,43239,43240,43241,43242,43243,43244,43245,43246,43247,43248,43249,43250,43251,43252,43253,43254,43255,43256,43257,43258,43259,43260,43261,43262,43263,43264,43265,43266,43267,43268,43269,43270,43271,43272,43273,43274,43275,43276,43277,43278,43279,43280,43281,43282,43283,43284,43285,43286,43287,43288,43289,43290,43291,43292,43293,43294,43295,43296,43297,43298,43299,43300,43301,43302,43303,43304,43305,43306,43307,43308,43309,43310,43311,43312,43313,43314,43315,43316,43317,43318,43319,43320,43321,43322,43323,43324,43325,43326,43327,43328,43329,43330,43331,43332,43333,43334,43335,43336,43337,43338,43339,43340,43341,43342,43343,43344,43345,43346,43347,43348,43349,43350,43351,43352,43353,43354,43355,43356,43357,43358,43359,43360,43361,43362,43363,43364,43365,43366,43367,43368,43369,43370,43371,43372,43373,43374,43375,43376,43377,43378,43379,43380,43381,43382,43383,43384,43385,43386,43387,43388,43389,43390,43391,43392,43393,43394,43395,43396,43397,43398,43399,43400,43401,43402,43403,43404,43405,43406,43407,43408,43409,43410,43411,43412,43413,43414,43415,43416,43417,43418,43419,43420,43421,43422,43423,43424,43425,43426,43427,43428,43429,43430,43431,43432,43433,43434,43435,43436,43437,43438,43439,43440,43441,43442,43443,43444,43445,43446,43447,43448,43449,43450,43451,43452,43453,43454,43455,43456,43457,43458,43459,43460,43461,43462,43463,43464,43465,43466,43467,43468,43469,43470,43471,43472,43473,43474,43475,43476,43477,43478,43479,43480,43481,43482,43483,43484,43485,43486,43487,43488,43489,43490,43491,43492,43493,43494,43495,43496,43497,43498,43499,43500,43501,43502,43503,43504,43505,43506,43507,43508,43509,43510,43511,43512,43513,43514,43515,43516,43517,43518,43519,43520,43521,43522,43523,43524,43525,43526,43527,43528,43529,43530,43531,43532,43533,43534,43535,43536,43537,43538,43539,43540,43541,43542,43543,43544,43545,43546,43547,43548,43549,43550,43551,43552,43553,43554,43555,43556,43557,43558,43559,43560,43561,43562,43563,43564,43565,43566,43567,43568,43569,43570,43571,43572,43573,43574,43575,43576,43577,43578,43579,43580,43581,43582,43583,43584,43585,43586,43587,43588,43589,43590,43591,43592,43593,43594,43595,43596,43597,43598,43599,43600,43601,43602,43603,43604,43605,43606,43607,43608,43609,43610,43611,43612,43613,43614,43615,43616,43617,43618,43619,43620,43621,43622,43623,43624,43625,43626,43627,43628,43629,43630,43631,43632,43633,43634,43635,43636,43637,43638,43639,43640,43641,43642,43643,43644,43645,43646,43647,43648,43649,43650,43651,43652,43653,43654,43655,43656,43657,43658,43659,43660,43661,43662,43663,43664,43665,43666,43667,43668,43669,43670,43671,43672,43673,43674,43675,43676,43677,43678,43679,43680,43681,43682,43683,43684,43685,43686,43687,43688,43689,43690,43691,43692,43693,43694,43695,43696,43697,43698,43699,43700,43701,43702,43703,43704,43705,43706,43707,43708,43709,43710,43711,43712,43713,43714,43715,43716,43717,43718,43719,43720,43721,43722,43723,43724,43725,43726,43727,43728,43729,43730,43731,43732,43733,43734,43735,43736,43737,43738,43739,43740,43741,43742,43743,43744,43745,43746,43747,43748,43749,43750,43751,43752,43753,43754,43755,43756,43757,43758,43759,43760,43761,43762,43763,43764,43765,43766,43767,43768,43769,43770,43771,43772,43773,43774,43775,43776,43777,43778,43779,43780,43781,43782,43783,43784,43785,43786,43787,43788,43789,43790,43791,43792,43793,43794,43795,43796,43797,43798,43799,43800,43801,43802,43803,43804,43805,43806,43807,43808,43809,43810,43811,43812,43813,43814,43815,43816,43817,43818,43819,43820,43821,43822,43823,43824,43825,43826,43827,43828,43829,43830,43831,43832,43833,43834,43835,43836,43837,43838,43839,43840,43841,43842,43843,43844,43845,43846,43847,43848,43849,43850,43851,43852,43853,43854,43855,43856,43857,43858,43859,43860,43861,43862,43863,43864,43865,43866,43867,43868,43869,43870,43871,43872,43873,43874,43875,43876,43877,43878,43879,43880,43881,43882,43883,43884,43885,43886,43887,43888,43889,43890,43891,43892,43893,43894,43895,43896,43897,43898,43899,43900,43901,43902,43903,43904,43905,43906,43907,43908,43909,43910,43911,43912,43913,43914,43915,43916,43917,43918,43919,43920,43921,43922,43923,43924,43925,43926,43927,43928,43929,43930,43931,43932,43933,43934,43935,43936,43937,43938,43939,43940,43941,43942,43943,43944,43945,43946,43947,43948,43949,43950,43951,43952,43953,43954,43955,43956,43957,43958,43959,43960,43961,43962,43963,43964,43965,43966,43967,43968,43969,43970,43971,43972,43973,43974,43975,43976,43977,43978,43979,43980,43981,43982,43983,43984,43985,43986,43987,43988,43989,43990,43991,43992,43993,43994,43995,43996,43997,43998,43999,44000,44001,44002,44003,44004,44005,44006,44007,44008,44009,44010,44011,44012,44013,44014,44015,44016,44017,44018,44019,44020,44021,44022,44023,44024,44025,44026,44027,44028,44029,44030,44031,44032,44033,44034,44035,44036,44037,44038,44039,44040,44041,44042,44043,44044,44045,44046,44047,44048,44049,44050,44051,44052,44053,44054,44055,44056,44057,44058,44059,44060,44061,44062,44063,44064,44065,44066,44067,44068,44069,44070,44071,44072,44073,44074,44075,44076,44077,44078,44079,44080,44081,44082,44083,44084,44085,44086,44087,44088,44089,44090,44091,44092,44093,44094,44095,44096,44097,44098,44099,44100,44101,44102,44103,44104,44105,44106,44107,44108,44109,44110,44111,44112,44113,44114,44115,44116,44117,44118,44119,44120,44121,44122,44123,44124,44125,44126,44127,44128,44129,44130,44131,44132,44133,44134,44135,44136,44137,44138,44139,44140,44141,44142,44143,44144,44145,44146,44147,44148,44149,44150,44151,44152,44153,44154,44155,44156,44157,44158,44159,44160,44161,44162,44163,44164,44165,44166,44167,44168,44169,44170,44171,44172,44173,44174,44175,44176,44177,44178,44179,44180,44181,44182,44183,44184,44185,44186,44187,44188,44189,44190,44191,44192,44193,44194,44195,44196,44197,44198,44199,44200,44201,44202,44203,44204,44205,44206,44207,44208,44209,44210,44211,44212,44213,44214,44215,44216,44217,44218,44219,44220,44221,44222,44223,44224,44225,44226,44227,44228,44229,44230,44231,44232,44233,44234,44235,44236,44237,44238,44239,44240,44241,44242,44243,44244,44245,44246,44247,44248,44249,44250,44251,44252,44253,44254,44255,44256,44257,44258,44259,44260,44261,44262,44263,44264,44265,44266,44267,44268,44269,44270,44271,44272,44273,44274,44275,44276,44277,44278,44279,44280,47331,47332,47333,47334,47335,47336,47337,47338,47339,47340,47341,47342,47343,47344,47345,47346,47347,47348,47349,47350,47351,47352,47353,47354,47355,47356,47357,47358,47359,47360,47361,47362,47363,47364,47365,47366,47367,47368,47369,47370,47371,47372,47373,47374,47375,47376,47377,47378,47379,47380,47381,47382,47383,47384,47385,47386,47387,47388,47389,47390,47391,47392,47393,47394,47395,47396,47397,47398,47399,47400,47401,47402,47403,47404,47405,47406,47407,47408,47409,47410,47411,47412,47413,47414,47415,47416,47417,47418,47419,47420,47421,47422,47423,47424,47425,47426,47427,47428,47429,47430,47431,47432,47433,47434,47435,47436,47437,47438,47439,47440,47441,47442,47443,47444,47445,47446,47447,47448,47449,47450,47451,47452,47453,47454,47455,47456,47457,47458,47459,47460,47461,47462,47463,47464,47465,47466,47467,47468,47469,47470,47471,47472,47473,47474,47475,47476,47477,47478,47479,47480,47481,47482,47483,47484,47485,47486,47487,47488,47489,47490,47491,47492,47493,47494,47495,47496,47497,47498,47499,47500,47501,47502,47503,47504,47505,47506,47507,47508,47509,47510,47511,47512,47513,47514,47515,47516,47517,47518,47519,47520,47521,47522,47523,47524,47525,47526,47527,47528,47529,47530,47531,47532,47533,47534,47535,47536,47537,47538,47539,47540,47541,47542,47543,47544,47545,47546,47547,47548,47549,47550,47551,47552,47553,47554,47555,47556,47557,47558,47559,47560,47561,47562,47563,47564,47565,47566,47567,47568,47569,47570,47571,47572,47573,47574,47575,47576,47577,47578,47579,47580,47581,47582,47583,47584,47585,47586,47587,47588,47589,47590,47591,47592,47593,47594,47595,47596,47597,47598,47599,47600,47601,47602,47603,47604,47605,47606,47607,47608,47609,47610,47611,47612,47613,47614,47615,47616,47617,47618,47619,47620,47621,47622,47623,47624,47625,47626,47627,47628,47629,47630,47631,47632,47633,47634,47635,47636,47637,47638,47639,47640,47641,47642,47643,47644,47645,47646,47647,47648,47649,47650,47651,47652,47653,47654,47655,47656,47657,47658,47659,47660,47661,47662,47663,47664,47665,47666,47667,47668,47669,47670,47671,47672,47673,47674,47675,47676,47677,47678,47679,47680,47681,47682,47683,47684,47685,47686,47687,47688,47689,47690,47691,47692,47693,47694,47695,47696,47697,47698,47699,47700,47701,47702,47703,47704,47705,47706,47707,47708,47709,47710,47711,47712,47713,47714,47715,47716,47717,47718,47719,47720,47721,47722,47723,47724,47725,47726,47727,47728,47729,47730,47731,47732,47733,47734,47735,47736,47737,47738,47739,47740,47741,47742,47743,47744,47745,47746,47747,47748,47749,47750,47751,47752,47753,47754,47755,47756,47757,47758,47759,47760,47761,47762,47763,47764,47765,47766,47767,47768,47769,47770,47771,47772,47773,47774,47775,47776,47777,47778,47779,47780,47781,47782,47783,47784,47785,47786,47787,47788,47789,47790,47791,47792,47793,47794,47795,47796,47797,47798,47799,47800,47801,47802,47803,47804,47805,47806,47807,47808,47809,47810,47811,47812,47813,47814,47815,47816,47817,47818,47819,47820,47821,47822,47823,47824,47825,47826,47827,47828,47829,47830,47831,47832,47833,47834,47835,47836,47837,47838,47839,47840,47841,47842,47843,47844,47845,47846,47847,47848,47849,47850,47851,47852,47853,47854,47855,47856,47857,47858,47859,47860,47861,47862,47863,47864,47865,47866,47867,47868,47869,47870,47871,47872,47873,47874,47875,47876,47877,47878,47879,47880,47881,47882,47883,47884,47885,47886,47887,47888,47889,47890,47891,47892,47893,47894,47895,47896,47897,47898,47899,47900,47901,47902,47903,47904,47905,47906,47907,47908,47909,47910,47911,47912,47913,47914,47915,47916,47917,47918,47919,47920,47921,47922,47923,47924,47925,47926,47927,47928,47929,47930,47931,47932,47933,47934,47935,47936,47937,47938,47939,47940,47941,47942,47943,47944,47945,47946,47947,47948,47949,47950,47951,47952,47953,47954,47955,47956,47957,47958,47959,47960,47961,47962,47963,47964,47965,47966,47967,47968,47969,47970,47971,47972,47973,47974,47975,47976,47977,47978,47979,47980,47981,47982,47983,47984,47985,47986,47987,47988,47989,47990,47991,47992,47993,47994,47995,47996,47997,47998,47999,48000,48001,48002,48003,48004,48005,48006,48007,48008,48009,48010,48011,48012,48013,48014,48015,48016,48017,48018,48019,48020,48021,48022,48023,48024,48025,48026,48027,48028,48029,48030,48031,48032,48033,48034,48035,48036,48037,48038,48039,48040,48041,48042,48043,48044,48045,48046,48047,48048,48049,48050,48051,48052,48053,48054,48055,48056,48057,48058,48059,48060,48061,48062,48063,48064,48065,48066,48067,48068,48069,48070,48071,48072,48073,48074,48075,48076,48077,48078,48079,48080,48081,48082,48083,48084,48085,48086,48087,48088,48089,48090,48091,48092,48093,48094,48095,48096,48097,48098,48099,48100,48101,48102,48103,48104,48105,48106,48107,48108,48109,48110,48111,48112,48113,48114,48115,48116,48117,48118,48119,48120,48121,48122,48123,48124,48125,48126,48127,48128,48129,48130,48131,48132,48133,48134,48135,48136,48137,48138,48139,48140,48141,48142,48143,48144,48145,48146,48147,48148,48149,48150,48151,48152,48153,48154,48155,48156,48157,48158,48159,48160,48161,48162,48163,48164,48165,48166,48167,48168,48169,48170,48171,48172,48173,48174,48175,48176,48177,48178,48179,48180,48181,48182,48183,48184,48185,48186,48187,48188,48189,48190,48191,48192,48193,48194,48195,48196,48197,48198,48199,48200,48201,48202,48203,48204,48205,48206,48207,48208,48209,48210,48211,48212,48213,48214,48215,48216,48217,48218,48219,48220,48221,48222,48223,48224,48225,48226,48227,48228,48229,48230,48231,48232,48233,48234,48235,48236,48237,48238,48239,48240,48241,48242,48243,48244,48245,48246,48247,48248,48249,48250,48251,48252,48253,48254,48255,48256,48257,48258,48259,48260,48261,48262,48263,48264,48265,48266,48267,48268,48269,48270,48271,48272,48273,48274,48275,48276,48277,48278,48279,48280,48281,48282,48283,48284,48285,48286,48287,48288,48289,48290,48291,48292,48293,48294,48295,48296,48297,48298,48299,48300,48301,48302,48303,48304,48305,48306,48307,48308,48309,48310,48311,48312,48313,48314,48315,48316,48317,48318,48319,48320,48321,48322,48323,48324,48325,48326,48327,48328,48329,48330,48331,48332,48333,48334,48335,48336,48337,48338,48339,48340,48341,48342,48343,48344,48345,48346,48347,48348,48349,48350,48351,48352,48353,48354,48355,48356,48357,48358,48359,48360,48361,48362,48363,48364,48365,48366,48367,48368,48369,48370,48371,48372,48373,48374,48375,48376,48377,48378,48379,48380,48381,48382,48383,48384,48385,48386,48387,48388,48389,48390,48391,48392,48393,48394,48395,48396,48397,48398,48399,48400,48401,48402,48403,48404,48405,48406,48407,48408,48409,48410,48411,48412,48413,48414,48415,48416,48417,48418,48419,48420,48421,48422,48423,48424,48425,48426,48427,48428,48429,48430,48431,48432,48433,48434,48435,48436,48437,48438,48439,48440,48441,48442,48443,48444,48445,48446,48447,48448,48449,48450,48451,48452,48453,48454,48455,48456,48457,48458,48459,48460,48461,48462,48463,48464,48465,48466,48467,48468,48469,48470,48471,48472,48473,48474,48475,48476,48477,48478,48479,48480,48481,48482,48483,48484,48485,48486,48487,48488,48489,48490,48491,48492,48493,48494,48495,48496,48497,48498,48499,48500,48501,48502,48503,48504,48505,48506,48507,48508,48509,48510,48511,48512,48513,48514,48515,48516,48517,48518,48519,48520,48521,48522,48523,48524,48525,48526,48527,48528,48529,48530,48531,48532,48533,48534,48535,48536,48537,48538,48539,48540,48541,48542,48543,48544,48545,48546,48547,48548,48549,48550,48551,48552,48553,48554,48555,48556,48557,48558,48559,48560,48561,48562,48563,48564,48565,48566,48567,48568,48569,48570,48571,48572,48573,48574,48575,48576,48577,48578,48579,48580,48581,48582,48583,48584,48585,48586,48587,48588,48589,48590,48591,48592,48593,48594,48595,48596,48597,48598,48599,48600,48601,48602,48603,48604,48605,48606,48607,48608,48609,48610,48611,48612,48613,48614,48615,48616,48617,48618,48619,48620,48621,48622,48623,48624,48625,48626,48627,48628,48629,48630,48631,48632,48633,48634,48635,48636,48637,48638,48639,48640,48641,48642,48643,48644,48645,48646,48647,48648,48649,48650,48651,48652,48653,48654,48655,48656,48657,48658,48659,48660,48661,48662,48663,48664,48665,48666,48667,48668,48669,48670,48671,48672,48673,48674,48675,48676,48677,48678,48679,48680,48681,48682,48683,48684,48685,48686,48687,48688,48689,48690,48691,48692,48693,48694,48695,48696,48697,48698,48699,48700,48701,48702,48703,48704,48705,48706,48707,48708,48709,48710,48711,48712,48713,48714,48715,48716,48717,48718,48719,48720,48721,48722,48723,48724,48725,48726,48727,48728,48729,48730,48731,48732,48733,48734,48735,48736,48737,48738,48739,48740,48741,48742,48743,48744,48745,48746,48747,48748,48749,48750,48751,48752,48753,48754,48755,48756,48757,48758,48759,48760,48761,48762,48763,48764,48765,48766,48767,48768,48769,48770,48771,48772,48773,48774,48775,48776,48777,48778,48779,48780,48781,48782,48783,48784,48785,48786,48787,48788,48789,48790,48791,48792,48793,48794,48795,48796,48797,48798,48799,48800,48801,48802,48803,48804,48805,48806,48807,48808,48809,48810,48811,48812,48813,48814,48815,48816,48817,48818,48819,48820,48821,48822,48823,48824,48825,48826,48827,48828,48829,48830,48831,48832,48833,48834,48835,48836,48837,48838,48839,48840,48841,48842,48843,48844,48845,48846,48847,48848,48849,48850,48851,48852,48853,48854,48855,48856,48857,48858,48859,48860,48861,48862,48863,48864,48865,48866,48867,48868,48869,48870,48871,48872,48873,48874,48875,48876,48877,48878,48879,48880,48881,48882,48883,48884,48885,48886,48887,48888,48889,48890,48891,48892,48893,48894,48895,48896,48897,48898,48899,48900,48901,48902,48903,48904,48905,48906,48907,48908,48909,48910,48911,48912,48913,48914,48915,48916,48917,48918,48919,48920,48921,48922,48923,48924,48925,48926,48927,48928,48929,48930,48931,48932,48933,48934,48935,48936,48937,48938,48939,48940,48941,48942,48943,48944,48945,48946,48947,48948,48949,48950,48951,48952,48953,48954,48955,48956,48957,48958,48959,48960,48961,48962,48963,48964,48965,48966,48967,48968,48969,48970,48971,48972,48973,48974,48975,48976,48977,48978,48979,48980,48981,48982,48983,48984,48985,48986,48987,48988,48989,48990,48991,48992,48993,48994,48995,48996,48997,48998,48999,49000,49001,49002,49003,49004,49005,49006,49007,49008,49009,49010,49011,49012,49013,49014,49015,49016,49017,49018,49019,49020,49021,49022,49023,49024,49025,49026,49027,49028,49029,49030,49031,49032,49033,49034,49035,49036,49037,49038,49039,49040,49041,49042,49043,49044,49045,49046,49047,49048,49049,49050,49051,49052,49053,49054,49055,49056,49057,49058,49059,49060,49061,49062,49063,49064,49065,49066,49067,49068,49069,49070,49071,49072,49073,49074,49075,49076,49077,49078,49079,49080,49081,49082,49083,49084,49085,49086,49087,49088,49089,49090,49091,49092,49093,49094,49095,49096,49097,49098,49099,49100,49101,49102,49103,49104,49105,49106,49107,49108,49109,49110,49111,49112,49113,49114,49115,49116,49117,49118,49119,49120,49121,49122,49123,49124,49125,49126,49127,49128,49129,49130,49131,49132,49133,49134,49135,49136,49137,49138,49139,49140,49141,49142,49143,49144,49145,49146,49147,49148,49149,49150,49151,49152,49153,49154,49155,49156,49157,49158,49159,49160,49161,49162,49163,49164,49165,49166,49167,49168,49169,49170,49171,49172,49173,49174,49175,49176,49177,49178,49179,49180,49181,49182,49183,49184,49185,49186,49187,49188,49189,49190,49191,49192,49193,49194,49195,49196,49197,49198,49199,49200,49201,49202,49203,49204,49205,49206,49207,49208,49209,49210,49211,49212,49213,49214,49215,49216,49217,49218,49219,49220,49221,49222,49223,49224,49225,49226,49227,49228,49229,49230,49231,49232,49233,49234,49235,49236,49237,49238,49239,49240,49241,49242,49243,49244,49245,49246,49247,49248,49249,49250,49251,49252,49253,49254,49255,49256,49257,49258,49259,49260,49261,49262,49263,49264,49265,49266,49267,49268,49269,49270,49271,49272,49273,49274,49275,49276,49277,49278,49279,49280,49281,49282,49283,49284,49285,49286,49287,49288,49289,49290,49291,49292,49293,49294,49295,49296,49297,49298,49299,49300,49301,49302,49303,49304,49305,49306,49307,49308,49309,49310,49311,49312,49313,49314,49315,49316,49317,49318,49319,49320,49321,49322,49323,49324,49325,49326,49327,49328,49329,49330,49331,49332,49333,49334,49335,49336,49337,49338,49339,49340,49341,49342,49343,49344,49345,49346,49347,49348,49349,49350,49351,49352,49353,49354,49355,49356,49357,49358,49359,49360,49361,49362,49363,49364,49365,49366,49367,49368,49369,49370,49371,49372,49373,49374,49375,49376,49377,49378,49379,49380,49381,49382,49383,49384,49385,49386,49387,49388,49389,49390,49391,49392,49393,49394,49395,49396,49397,49398,49399,49400,49401,49402,49403,49404,49405,49406,49407,49408,49409,49410,49411,49412,49413,49414,49415,49416,49417,49418,49419,49420,49421,49422,49423,49424,49425,49426,49427,49428,49429,49430,49431,49432,49433,49434,49435,49436,49437,49438,49439,49440,49441,49442,49443,49444,49445,49446,49447,49448,49449,49450,49451,49452,49453,49454,49455,49456,49457,49458,49459,49460,49461,49462,49463,49464,49465,49466,49467,49468,49469,49470,49471,49472,49473,49474,49475,49476,49477,49478,49479,49480,49481,49482,49483,49484,49485,49486,49487,49488,49489,49490,49491,49492,49493,49494,49495,49496,49497,49498,49499,49500,49501,49502,49503,49504,49505,49506,49507,49508,49509,49510,49511,49512,49513,49514,49515,49516,49517,49518,49519,49520,49521,49522,49523,49524,49525,49526,49527,49528,49529,49530,49531,49532,49533,49534,49535,49536,49537,49538,49539,49540,49541,49542,49543,49544,49545,49546,49547,49548,49549,49550,49551,49552,49553,49554,49555,49556,49557,49558,49559,49560,49561,49562,49563,49564,49565,49566,49567,49568,49569,49570,49571,49572,49573,49574,49575,49576,49577,49578,49579,49580,49581,49582,49583,49584,49585,49586,49587,49588,49589,49590,49591,49592,49593,49594,49595,49596,49597,49598,49599,49600,49601,49602,49603,49604,49605,49606,49607,49608,49609,49610,49611,49612,49613,49614,49615,49616,49617,49618,49619,49620,49621,49622,49623,49624,49625,49626,49627,49628,49629,49630,49631,49632,49633,49634,49635,49636,49637,49638,49639,49640,49641,49642,49643,49644,49645,49646,49647,49648,49649,49650,49651,49652,51574,51575,51576,51577,51578,51579,51580,51581,51582,51583,51584,51585,51586,51587,51588,51589,51590,51591,51592,51593,51594,51595,51596,51597,51598,51599,51600,51601,51602,51603,51604,51605,51606,51607,51608,51609,51610,51611,51612,51613,51614,51615,51616,51617,51618,51619,51620,51621,51622,51623,51624,51625,51626,51627,51628,51629,51630,51631,51632,51633,51634,51635,51636,51637,51638,51639,51640,51641,51642,51643,51644,51645,51646,51647,51648,51649,51650,51651,51652,51653,51654,51655,51656,51657,51658,51659,51660,51661,51662,51663,51664,51665,51666,51667,51668,51669,51670,51671,51672,51673,51674,51675,51676,51677,51678,51679,51680,51681,51682,51683,51684,51685,51686,51687,51688,51689,51690,51691,51692,51693,51694,51695,51696,51697,51698,51699,51700,51701,51702,51703,51704,51705,51706,51707,51708,51709,51710,51711,51712,51713,51714,51715,51716,51717,51718,51719,51720,51721,51722,51723,51724,51725,51726,51727,51728,51729,51730,51731,51732,51733,51734,51735,51736,51737,51738,51739,51740,51741,51742,51743,51744,51745,51746,51747,51748,51749,51750,51751,51752,51753,51754,51755,51756,51757,51758,51759,51760,51761,51762,51763,51764,51765,51766,51767,51768,51769,51770,51771,51772,51773,51774,51775,51776,51777,51778,51779,51780,51781,51782,51783,51784,51785,51786,51787,51788,51789,51790,51791,51792,51793,51794,51795,51796,51797,51798,51799,51800,51801,51802,51803,51804,51805,51806,51807,51808,51809,51810,51811,51812,51813,51814,51815,51816,51817,51818,51819,51820,51821,51822,51823,51824,51825,51826,51827,51828,51829,51830,51831,51832,51833,51834,51835,51836,51837,51838,51839,51840,51841,51842,51843,51844,51845,51846,51847,51848,51849,51850,51851,51852,51853,51854,51855,51856,51857,51858,51859,51860,51861,51862,51863,51864,51865,51866,51867,51868,51869,51870,51871,51872,51873,51874,51875,51876,51877,51878,51879,51880,51881,51882,51883,51884,51885,51886,51887,51888,51889,51890,51891,51892,51893,51894,51895,51896,51897,51898,51899,51900,51901,51902,51903,51904,51905,51906,51907,51908,51909,51910,51911,51912,51913,51914,51915,51916,51917,51918,51919,51920,51921,51922,51923,51924,51925,51926,51927,51928,51929,51930,51931,51932,51933,51934,51935,51936,51937,51938,51939,51940,51941,51942,51943,51944,51945,51946,51947,51948,51949,51950,51951,51952,51953,51954,51955,51956,51957,51958,51959,51960,51961,51962,51963,51964,51965,51966,51967,51968,51969,51970,51971,51972,51973,51974,51975,51976,51977,51978,51979,51980,51981,51982,51983,51984,51985,51986,51987,51988,51989,51990,51991,51992,51993,51994,51995,51996,51997,51998,51999,52000,52001,52002,52003,52004,52005,52006,52007,52008,52009,52010,52011,52012,52013,52014,52015,52016,52017,52018,52019,52020,52021,52022,52023,52024,52025,52026,52027,52028,52029,52030,52031,52032,52033,52034,52035,52036,52037,52038,52039,52040,52041,52042,52043,52044,52045,52046,52047,52048,52049,52050,52051,52052,52053,52054,52055,52056,52057,52058,52059,52060,52061,52062,52063,52064,52065,52066,52067,52068,52069,52070,52071,52072,52073,52074,52075,52076,52077,52078,52079,52080,52081,52082,52083,52084,52085,52086,52087,52088,52089,52090,52091,52092,52093,52094,52095,52096,52097,52098,52099,52100,52101,52102,52103,52104,52105,52106,52107,52108,52109,52110,52111,52112,52113,52114,52115,52116,52117,52118,52119,52120,52121,52122,52123,52124,52125,52126,52127,52128,52129,52130,52131,52132,52133,52134,52135,52136,52137,52138,52139,52140,52141,52142,52143,52144,52145,52146,52147,52148,52149,52150,52151,52152,52153,52154,52155,52156,52157,52158,52159,52160,52161,52162,52163,52164,52165,52166,52167,52168,52169,52170,52171,52172,52173,52174,52175,52176,52177,52178,52179,52180,52181,52182,52183,52184,52185,52186,52187,52188,52189,52190,52191,52192,52193,52194,52195,52196,52197,52198,52199,52200,52201,52202,52203,52204,52205,52206,52207,52208,52209,52210,52211,52212,52213,52214,52215,52216,52217,52218,52219,52220,52221,52222,52223,52224,52225,52226,52227,52228,52229,52230,52231,52232,52233,52234,52235,52236,52237,52238,52239,52240,52241,52242,52243,52244,52245,52246,52247,52248,52249,52250,52251,52252,52253,52254,52255,52256,52257,52258,52259,52260,52261,52262,52263,52264,52265,52266,52267,52268,52269,52270,52271,52272,52273,52274,52275,52276,52277,52278,52279,52280,52281,52282,52283,52284,52285,52286,52287,52288,52289,52290,52291,52292,52293,52294,52295,52296,52297,52298,52299,52300,52301,52302,52303,52304,52305,52306,52307,52308,52309,52310,52311,52312,52313,52314,52315,52316,52317,52318,52319,52320,52321,52322,52323,52324,52325,52326,52327,52328,52329,52330,52331,52332,52333,52334,52335,52336,52337,52338,52339,52340,52341,52342,52343,52344,52345,52346,52347,52348,52349,52350,52351,52352,52353,52354,52355,52356,52357,52358,52359,52360,52361,52362,52363,52364,52365,52366,52367,52368,52369,52370,52371,52372,52373,52374,52375,52376,52377,52378,52379,52380,52381,52382,52383,52384,52385,52386,52387,52388,52389,52390,52391,52392,52393,52394,52395,52396,52397,52398,52399,52400,52401,52402,52403,52404,52405,52406,52407,52408,52409,52410,52411,52412,52413,52414,52415,52416,52417,52418,52419,52420,52421,52422,52423,52424,52425,52426,52427,52428,52429,52430,52431,52432,52433,52434,52435,52436,52437,52438,52439,52440,52441,52442,52443,52444,52445,52446,52447,52448,52449,52450,52451,52452,52453,52454,52455,52456,52457,52458,52459,52460,52461,52462,52463,52464,52465,52466,52467,52468,52469,52470,52471,52472,52473,52474,52475,52476,52477,52478,52479,52480,52481,52482,52483,52484,52485,52486,52487,52488,52489,52490,52491,52492,52493,52494,52495,52496,52497,52498,52499,52500,52501,52502,52503,52504,52505,52506,52507,52508,52509,52510,52511,52512,52513,52514,52515,52516,52517,52518,52519,52520,52521,52522,52523,52524,52525,52526,52527,52528,52529,52530,52531,52532,52533,52534,52535,52536,52537,52538,52539,52540,52541,52542,52543,52544,52545,52546,52547,52548,52549,52550,52551,52552,52553,52554,52555,52556,52557,52558,52559,52560,52561,52562,52563,52564,52565,52566,52567,52568,52569,52570,52571,52572,52573,52574,52575,52576,52577,52578,52579,52580,52581,52582,52583,52584,52585,52586,52587,52588,52589,52590,52591,52592,52593,52594,52595,52596,52597,52598,52599,52600,52601,52602,52603,52604,52605,52606,52607,52608,52609,52610,52611,52612,52613,52614,52615,52616,52617,52618,52619,52620,52621,52622,52623,52624,52625,52626,52627,52628,52629,52630,52631,52632,52633,52634,52635,52636,52637,52638,52639,52640,52641,52642,52643,52644,52645,52646,52647,52648,52649,52650,52651,52652,52653,52654,52655,52656,52657,52658,52659,52660,52661,52662,52663,52664,52665,52666,52667,52668,52669,52670,52671,52672,52673,52674,52675,52676,52677,52678,52679,52680,52681,52682,52683,52684,52685,52686,52687,52688,52689,52690,52691,52692,52693,52694,52695,52696,52697,52698,52699,52700,52701,52702,52703,52704,52705,52706,52707,52708,52709,52710,52711,52712,52713,52714,52715,52716,52717,52718,52719,52720,52721,52722,52723,52724,52725,52726,52727,52728,52729,52730,52731,52732,52733,52734,52735,52736,52737,52738,52739,52740,52741,52742,52743,52744,52745,52746,52747,52748,52749,52750,52751,52752,52753,52754,52755,52756,52757,52758,52759,52760,52761,52762,52763,52764,52765,52766,52767,52768,52769,52770,52771,52772,52773,52774,52775,52776,52777,52778,52779,52780,52781,52782,52783,52784,52785,52786,52787,52788,52789,52790,52791,52792,52793,52794,52795,52796,52797,52798,52799,52800,52801,52802,52803,52804,52805,52806,52807,52808,52809,52810,52811,52812,52813,52814,52815,52816,52817,52818,52819,52820,52821,52822,52823,52824,52825,52826,52827,52828,52829,52830,52831,52832,52833,52834,52835,52836,52837,52838,52839,52840,52841,52842,52843,52844,52845,52846,52847,52848,52849,52850,52851,52852,52853,52854,52855,52856,52857,52858,52859,52860,52861,52862,52863,52864,52865,52866,52867,52868,52869,55186,55187,55188,55189,55190,55191,55192,55193,55194,55195,55196,55197,55198,55199,55200,55201,55202,55203,55204,55205,55206,55207,55208,55209,55210,55211,55212,55213,55214,55215,55216,55217,55218,55219,55220,55221,55222,55223,55224,55225,55226,55227,55228,55229,55230,55231,55232,55233,55234,55235,55236,55237,55238,55239,55240,55241,55242,55243,55244,55245,55246,55247,55248,55249,55250,55251,55252,55253,55254,55255,55256,55257,55258,55259,55260,55261,55262,55263,55264,55265,55266,55267,55268,55269,55270,55271,55272,55273,55274,55275,55276,55277,55278,55279,55280,55281,55282,55283,55284,55285,55286,55287,55288,55289,55290,55291,55292,55293,55294,55295,55296,55297,55298,55299,55300,55301,55302,55303,55304,55305,55306,55307,55308,55309,55310,55311,55312,55313,55314,55315,55316,55317,55318,55319,55320,55321,55322,55323,55324,55325,55326,55327,55328,55329,55330,55331,55332,55333,55334,55335,55336,55337,55338,55339,55340,55341,55342,55343,55344,55345,55346,55347,55348,55349,55350,55351,55352,55353,55354,55355,55356,55357,55358,55359,55360,55361,55362,55363,55364,55365,55366,55367,55368,55369,55370,55371,55372,55373,55374,55375,55376,55377,55378,55379,55380,55381,55382,55383,55384,55385,55386,55387,55388,55389,55390,55391,55392,55393,55394,55395,55396,55397,55398,55399,55400,55401,55402,55403,55404,55405,55406,55407,55408,55409,55410,55411,55412,55413,55414,55415,55416,55417,55418,55419,55420,55421,55422,55423,55424,55425,55426,55427,55428,55429,55430,55431,55432,55433,55434,55435,55436,55437,55438,55439,55440,55441,55442,55443,55444,55445,55446,55447,55448,55449,55450,55451,55452,55453,55454,55455,55456,55457,55458,55459,55460,55461,55462,55463,55464,55465,55466,55467,55468,55469,55470,55471,55472,55473,55474,55475,55476,55477,55478,55479,55480,55481,55482,55483,55484,55485,55486,55487,55488,55489,55490,55491,55492,55493,55494,55495,55496,55497,55498,55499,55500,55501,55502,55503,55504,55505,55506,55507,55508,55509,55510,55511,55512,55513,55514,55515,55516,55517,55518,55519,55520,55521,55522,55523,55524,55525,55526,55527,55528,55529,55530,55531,55532,55533,55534,55535,55536,55537,55538,55539,55540,55541,55542,55543,55544,55545,55546,55547,55548,55549,55550,55551,55552,55553,55554,55555,55556,55557,55558,55559,55560,55561,55562,55563,55564,55565,55566,55567,55568,55569,55570,55571,55572,55573,55574,55575,55576,55577,55578,55579,55580,55581,55582,55583,55584,55585,55586,55587,55588,55589,55590,55591,55592,55593,55594,55595,55596,55597,55598,55599,55600,55601,55602,55603,55604,55605,55606,55607,55608,55609,55610,55611,55612,55613,55614,55615,55616,55617,55618,55619,55620,55621,55622,55623,55624,55625,55626,55627,55628,55629,55630,55631,55632,55633,55634,55635,55636,55637,55638,55639,55640,55641,55642,55643,55644,55645,55646,55647,55648,55649,55650,55651,55652,55653,55654,55655,55656,55657,55658,55659,55660,55661,55662,55663,55664,55665,55666,55667,55668,55669,55670,55671,55672,55673,55674,55675,55676,55677,55678,55679,55680,55681,55682,55683,55684,55685,55686,55687,55688,55689,55690,55691,55692,55693,55694,55695,55696,55697,55698,55699,55700,55701,55702,55703,55704,55705,55706,55707,55708,55709,55710,55711,55712,55713,55714,55715,55716,55717,55718,55719,55720,55721,55722,55723,55724,55725,55726,55727,55728,55729,55730,55731,55732,55733,55734,55735,55736,55737,55738,55739,55740,55741,55742,55743,55744,55745,55746,55747,55748,55749,55750,55751,55752,55753,55754,55755,55756,55757,55758,55759,55760,55761,55762,55763,55764,55765,55766,55767,55768,55769,55770,55771,55772,55773,55774,55775,55776,55777,55778,55779,55780,55781,55782,55783,55784,55785,55786,55787,55788,55789,55790,55791,55792,55793,55794,55795,55796,55797,55798,55799,55800,55801,55802,55803,55804,55805,55806,55807,55808,55809,55810,55811,55812,55813,55814,55815,55816,55817,55818,55819,55820,55821,55822,55823,55824,55825,55826,55827,55828,55829,55830,55831,55832,55833,55834,55835,55836,55837,55838,55839,55840,55841,55842,55843,55844,55845,55846,55847,55848,55849,55850,55851,55852,55853,55854,55855,55856,55857,55858,55859,55860,55861,55862,55863,55864,55865,55866,55867,55868,55869,55870,55871,55872,55873,55874,55875,55876,55877,55878,55879,55880,55881,55882,55883,55884,55885,55886,55887,55888,55889,55890,55891,55892,55893,55894,55895,55896,55897,55898,55899,55900,55901,55902,55903,55904,55905,55906,55907,55908,63977,63978,63979,63980,63981,63982,63983,63984,63985,63986,63987,63988,63989,63990,63991,63992,63993,63994,63995,63996,63997,63998,63999,64000,64001,64002,64003,64004,64005,64006,64007,64008,64009,64010,64011,64012,64013,64014,64015,64016,64017,64018,64019,64020,64021,64022,64023,64024,64025,64026,64027,64028,64029,64030,64031,64032,64033,64034,64035,64036,64037,64038,64039,64040,64041,64042,64043,64044,64045,64046,64047,64048,64049,64050,64051,64052,64053,64054,64055,64056,64057,64058,64059,64060,64061,64062,64063,64064,64065,64066,64067,64068,64069,64070,64071,64072,64073,64074,64075,64076,64077,64078,64079,64080,64081,64082,64083,64084,64085,64086,64087,64088,64089,64090,64091,64092,64093,64094,64095,64096,64097,64098,64099,64100,64101,64102,64103,64104,64105,64106,64107,64108,64109,64110,64111,64112,64113,64114,64115,64116,64117,64118,64119,64120,64121,64122,64123,64124,64125,64126,64127,64128,64129,64130,64131,64132,64133,64134,64135,64136,64137,64138,64139,64140,64141,64142,64143,64144,64145,64146,64147,64148,64149,64150,64151,64152,64153,64154,64155,64156,64157,64158,64159,64160,64161,64162,64163,64164,64165,64166,64167,64168,64169,64170,64171,64172,64173,64174,64175,64176,64177,64178,64179,64180,64181,64182,64183,64184,64185,64186,64187,64188,64189,64190,64191,64192,64193,64194,64195,64196,64197,64198,64199,64200,64201,64202,64203,64204,64205,64206,64207,64208,64209,64210,64211,64212,64213,64214,64215,64216,64217,64218,64219,64220,64221,64222,64223,64224,64225,64226,64227,64228,64229,64230,64231,64232,64233,64234,64235,64236,64237,64238,64239,64240,64241,64242,64243,64244,64245,64246,64247,64248,64249,64250,64251,64252,64253,64254,64255,64256,64257,64258,64259,64260,64261,64262,64263,64264,64265,64266,64267,64268,64269,64270,64271,64272,64273,64274,64275,64276,64277,64278,64279,64280,64281,64282,64283,64284,64285,64286,64287,64288,64289,64290,64291,64292,64293,64294,64295,64296,64297,64298,64299,64300,64301,64302,64303,64304,64305,64306,64307,64308,64309,64310,64311,64312,64313,64314,64315,64316,64317,64318,64319,64320,64321,64322,64323,64324,64325,64326,64327,64328,64329,64330,64331,64332,64333,64334,64335,64336,64337,64338,64339,64340,64341,64342,64343,64344,64345,64346,64347,64348,64349,64350,64351,64352,64353,64354,64355,64356,64357,64358,64359,64360,64361,64362,64363,64364,64365,64366,64367,64368,64369,64370,64371,64372,64373,64374,64375,64376,64377,64378,64379,64380,64381,64382,64383,64384,64385,64386,64387,64388,64389,64390,64391,64392,64393,64394,64395,64396,64397,64398,64399,64400,64401,64402,64403,64404,64405,64406,64407,64408,64409,64410,64411,64412,64413,64414,64415,64416,64417,64418,64419,64420,64421,64422,64423,64424,64425,64426,64427,64428,64429,64430,64431,64432,64433,64434,64435,64436,64437,64438,64439,64440,64441,64442,64443,64444,64445,64446,64447,64448,64449,64450,64451,64452,64453,64454,64455,64456,64457,64458,64459,64460,64461,64462,64463,64464,64465,64466,64467,64468,64469,64470,64471,64472,64473,64474,64475,64476,64477,64478,64479,64480,64481,64482,64483,64484,64485,64486,64487,64488,64489,64490,64491,64492,64493,64494,64495,64496,64497,64498,64499,64500,64501,64502,64503,64504,64505,64506,64507,64508,64509,64510,64511,64512,64513,64514,64515,64516,64517,64518,64519,64520,64521,64522,64523,64524,64525,64526,64527,64528,64529,64530,64531,64532,64533,64534,64535,64536,64537,64538,64539,64540,64541,64542,64543,64544,64545,64546,64547,64548,64549,64550,64551,64552,64553,64554,64555,64556,64557,64558,64559,64560,64561,64562,64563,64564,64565,64566,64567,64568,64569,64570,64571,64572,64573,64574,64575,64576,64577,64578,64579,64580,64581,64582,64583,64584,64585,64586,64587,64588,64589,64590,64591,64592,64593,64594,64595,64596,64597,64598,64599,64600,64601,64602,64603,64604,64605,64606,64607,64608,64609,64610,64611,64612,64613,64614,64615,64616,64617,64618,64619,64620,64621,64622,64623,64624,64625,64626,64627,64628,64629,64630,64631,64632,64633,64634,64635,64636,64637,64638,64639,64640,64641,64642,64643,64644,64645,64646,64647,64648,64649,64650,64651,64652,64653,64654,64655,64656,64657,64658,64659,64660,64661,64662,64663,64664,64665,64666,64667,64668,64669,64670,64671,64672,64673,64674,64675,64676,64677,64678,64679,64680,64681,64682,64683,64684,64685,64686,64687,64688,64689,64690,64691,64692,64693,64694,64695,64696,64697,64698,64699,64700,64701,64702,64703,64704,64705,64706,64707,64708,64709,64710,64711,64712,64713,64714,64715,64716,64717,64718,64719,64720,64721,64722,64723,64724,64725,64726,64727,64728,64729,64730,64731,64732,64733,64734,64735,64736,64737,64738,64739,64740,64741,64742,64743,64744,64745,64746,64747,64748,64749,64750,64751,64752,64753,64754,64755,64756,64757,64758,64759,64760,64761,64762,64763,64764,64765,64766,64767,64768,64769,64770,64771,64772,64773,64774,64775,64776,64777,64778,64779,64780,64781,64782,64783,64784,64785,64786,64787,64788,64789,64790,64791,64792,64793,64794,64795,64796,64797,64798,64799,64800,64801,64802,64803,64804,64805,64806,64807,64808,64809,64810,64811,64812,64813,64814,64815,64816,64817,64818,64819,64820,64821,64822,64823,64824,64825,64826,64827,64828,64829,64830,64831,64832,64833,64834,64835,64836,64837,64838,64839,64840,64841,64842,64843,64844,64845,64846,64847,64848,64849,64850,64851,64852,64853,64854,64855,64856,64857,64858,64859,64860,64861,64862,64863,64864,64865,64866,64867,64868,64869,64870,64871,64872,64873,64874,64875,64876,64877,64878,64879,64880,64881,64882,64883,64884,64885,64886,64887,64888,64889,64890,64891,64892,64893,64894,64895,64896,64897,64898,64899,64900,64901,64902,64903,64904,64905,64906,64907,64908,64909,64910,64911,64912,64913,64914,64915,64916,64917,64918,64919,64920,64921,64922,64923,64924,64925,64926,64927,64928,64929,64930,64931,64932,64933,64934,64935,64936,64937,64938,64939,64940,64941,64942,64943,64944,64945,64946,64947,64948,64949,64950,64951,64952,64953,64954,64955,64956,64957,64958,64959,64960,64961,64962,64963,64964,64965,64966,64967,64968,64969,64970,64971,64972,64973,64974,64975,64976,64977,64978,64979,64980,64981,64982,64983,64984,64985,64986,64987,64988,64989,64990,64991,64992,64993,64994,64995,64996,64997,64998,64999,65000,65001,65002,65003,65004,65005,65006,65007,65008,65009,65010,65011,65012,65013,65014,65015,65016,65017,65018,65019,65020,65021,65022,65023,65024,65025,65026,65027,65028,65029,65030,65031,65032,65033,65034,65035,65036,65037,65038,65039,65040,65041,65042,65043,65044,65045,65046
20
21
22
23
24
25
