1
2
3
4
5
6
7
8
9
10
11
12,17514,17515,17516,17517,17540,17541,17542,17543,17544,17545,17546,17547,17548,17549,17550,17551,17552,17553,17554,17555,17556,17557,17558,17559,17560,17561,17562,17563,17564,17565,17566,17567,17568,17569,17570,17571,17572,17573,17574,17575,17576,17577,17578,17579,17580,17581,17582,17583,17584,17585,17586,17587,17588,17589,17590,17591,17592,17593,17594,17595,17596,17597,17598,17599,17600,17601,17739,17740,17741,17742,17743,17744,17745,17746,17747,17748,17749,17750,17751,17752,17753,17754,17755,17756,17757,17758,17759,17760,17761,17762,17763,17764,17765,17766,17767,17768,17769,17770,17771,17772,17773,17774,17775,17776,17777,17778,17779,17780,17781,17782,17783,17784,17785,17786,17787,17788,17789,17790,17791,17792,17793,17794,17795,17796,17797,17798,17799,17800,17801,17802,17803,17804,17805,17806,17807,17808,17809,17810,17811,17812,17813,17814,17815,17816,17817,17818,17819,17820,17821,17822,17823,17824,17825,17826,17827,17828,17829,17830,17831,17832,17833,17834,17835,17836,17837,17838,17839,17840,17841,17842,17843,17844,17845,17846,17847,17848,17849,17850,17851,17852,17853,17854,17855,17856,17857,17858,17859,17860,17861,17862,17863,17864,17865,17866,17867,17868,17869,17870,17871,17872,17873,17874,17875,17876,17877,17878,17879,17880,17881,17882,17883,17884,17885,17886,17887,17888,17889,17890,17891,17892,17893,17894,17895,17896,17897,17898,17899,17900,17901,17902,17903,17904,17905,17906,17907,17908,17909,17910,17911,17912,17913,17914,17915,17916,17917,17918,17919,17920,17921,17922,17923,17924,17925,17926,17927,17928,17929,17930,17931,17932,17933,17934,17935,17936,17937,17938,17939,17940,17941,17942,17943,17944,17945,17946,17947,17948,17949,17950,17951,17952,17953,17954,17955,17956,17957,17958,17959,17960,17961,17962,17963,17964,17965,17966,17967,17968,17969,17970,17971,17972,17973,17975,17976,17977,17978,17979,17980,17981,17982,17983,17984,17985,17986,17987,17988,17989,17990,17991,17992,17993,17994,17995,17996,17997,17998,17999,18000,18001,18002,18003,18004,18005
13
14,17641,17642,17643,17644,17645,17646,17647,17648,17649,17650,17651,17652,17653,17654,17655,17656,17657,17658,17659,17660,17661,17662,17663,17664,17665,17666,17667,17668,17669,17670,17671,17672,17673,17674,17675,17676,17677,17678,17679,17680,17681,17682,17683,17684,17685,17686,17687,17688,17689,17690,17691,17692,17693,17694,17695,17696,17697,17698,17699,17700,17701,17702,17703,17704,17705,17706,17707,17708,17709,17710,17711,17712,17713,17714,17715,17716,17717,17718,17719,17720,17721,17722,17723,17724,17725,17726,17727,17728,17729,17730,17731,17732,17733,17734,17735,17736,17737,17738,17739,17740,17741,17742,17743,17744,17745,17746,17747,17748,17749,17750,17751,17752,17753,17754,17755,17756,17757,17758,17759,17760,17761,17762,17763,17764,17765,17766,17767,17768,17769,17770,17771,17772,17773,17774,17775,17776,17777,17778,17779,17780,17781,17782,17783,17784,17785,17786,17787,17788,17789,17790,17791,17792,17793,17794,17795,17796,17797,17798,17799
15
16
17
18
19,66558,66559,66560,66561,66562,66563,66564,66565,66566,66567,66568,66569,66570,66571,66572,66573,66574,66575,66576,66577,66578,66579,66580,66581,66582,66583,66584,66585,66586,66587,66588,66589,66590,66591,66592,66593,66594,66595,66596,66597,66598,66599,66600,66601,66602,66603,66604,66605,66606,66607,66608,66609,66610,66611,66612,66613,66614,66615,66616,66617,66618,66619,66620,66621,66622,66623,66624,66625,66626,66627,66628,66629,66630,66631,66632,66633,66634,66635,66636,66637,66638,66639,66640,66641,66642,66643,66644,66645,66646,66647,66648,66649,66650,66651,66652,66653,66654,66655,66656,66657,66658,66659,66660,66661,66662,66663,66664,66665,66666,66667,66668,66669,66670,66671,66672,66673,66674,66675,66676,66677,66678,66679,66680,66681,66682,66683,66684,66685,66686,66687,66688,66689,66690,66691,66692,66693,66694,66695,66696,66697,66698,66699,66700,66701,66702,66703,66704,66705,66706,66707,66708,66709,66710,66711,66712,66713,66714,66715,66716,66717,66718,66719,66720,66721,66722,66723,66724,66725,66726,66727,66728,66729,66730,66731,66732,66733,66734,66735,66736,66737,66738,66739,66740,66741,66742,66743,66744,66745,66746,66747,66748,66749,66750,66751,66752,66753,66754,66755,66756,66757,66758,66759,66760,66761,66762,66763,66764,66765,66766,66767,66768,66769,66770,66771,66772,66773,66774,66775,66776,66777,66778,66779,66780,66781,66782,66783,66784,66785,66786,66787,66788,66789,66790,66791,66792,66793,66794,66795,66796,66797,66798,66799,66800,66801,66802,66803,66804
20
21,13053,13054,13055,13056,13057,13058,13059,13060,13061,13062,13063,13064,13065,13066,13067,13068,13069,13070,13071,13072,13073,13074,13075,13076,13077,13078,13079,13080,13081,13082,13083,13084,13085,13086,13087,13088,13089,13090,13091,13092,13093,13094,13095,13096,13097,13098,13099,13100,13101,13102,13103,13104,13105,13106,13107,13108,13109,13110,13111,13112,13113,13114,13115,13116,13117,13118,13119,13120,13121,13122,13123,13124,13125,13126,13127,13128,13129,13130,13131,13132,13133,13134,13135,13136,13137,13138,13139,13140,13141,13142,13143,13144,13145,13146,13147,13148,13149,13150,13151,13152,13153,13154,13155,13156,13157,13158,13159,13160,13161,13162,13163,13164,13165,13166,13167,13168,13169,13170,13171,13172,13173,13174,13175,13176,13177,13178,13179,13180,13181,13182,13183,13184,13185,13186,13187,13188,13189,13190,13191,13192,13193,13194,13195,13196,13197,13198,13199,13200,13201,13202,13203,13204,13205,13206,13207,13208,13209,13210,13211,13212,13213,13214,13215,13216,13217,13218,13219,13220,13221,13222,13223,13224,13225,13226,13227,13228,13229,13230,13231,13232,13233,13234,13235,13236,13237,13238,13239,13240,13241,13242,13243,13244,13245,13246,13247,13248,13249,13250,13251,13252,13253,13254,13255
22
23
24
25,37645,37646,37647,37648,37649,37650,37651,37652,37653,37654,37655,37656,37657,37658,37659,37660,37661,37662,37663,37664,37665,37666,37667,37668,37669,37670,37671,37672,37673,37674,37675,37676,37677,37678,37679,37680,37681,37682,37683,37684,37685,37686,37687,37688,37689,37690,37691,37692,37693,37694,37695,37696,37697,37698,37699,37700,37701,37702,37703,37704,37705,37706,37707,37708,37709,37710,37711,37712,37713,37714,37715,37716,37717,37718,37719,37720,37721,37722,37723,37724,37725,37726,37727,37728,37729,37730,37731,37732,37733,37734,37735,37736,37737,37738,37739,37740,37741,37742,37743,37744,37745,37746,37747,37748,37749,37750,37751,37752,37753,37754,37755,37756,37757,37758,37759,37760,37761,37762,37763,37764,37765,37766,37767,37768,37769,37770,37771,37772,37773,37774,37775,37776,37777,37778,37779,37780,37781,37782,37783,37784,37785,37786,37787
