1
2
3,11779,11780,11781,11782,11783,11784,11785,11786,11787,11788,11789,11790,11791,11792,11793,11794,11795,11796,11797,11798,11799,11800,11801,11802,11803,11804,11805,11806,11807,11808,11809,11810,11811,11812,11813,11814,11815,11816,11817,11818,11819,11820,11821,11822,11823,11824,11825,11826,11827,11828,11829,11830,11831,11832,11833,11834,11835,11836,11837,11838,11839,11840,11841,11842,11843,11844,11858,11859,11860,11861,11862,11863,11864,11865,11866,11867,11868,11869,11870,11871,11872,11873,11874,11875,11876,11877,11878,11879,11880,11881,11882,11883,11884,11885,11886,11887,11888,11889,11890,11891,11892,11893,11894,11895,11896,11897,11898,11899,11900,11901,11902,11903,11904,11905,11906,11907,11908,11909,11910,11911,11912,11913,11914,11915,11916,11917,11918,11919,11920,11921,11922,11923,11924,11925,11926,11927,11928,11929,11930,11931,11932,11933,11934,11935,11936,11937,11938,11939,11940,11941,11942,11943,11944,11945,11946,11947,11948,11949,11997,11998,11999,12000,12001,12002,12003,12004,12005,12006,12007,12008,12009,12010,12011,12012,12013,12014,12015,12016,12017,12018,12019,12020,12021,12022,12023,12024,12025,12026,12027,12028,12029,12030,12031,12032,12033,12034,12035,12036,12037,12038,12039,12040,12041,12042,12043,12044,12045,12046,12047,12048,12049,12050,12051,12052,12053,12054,12055,12056,12057,12058,12059,12060,12061,12062,12063,12064,12065,12066,12067,12068,12069,12070,12071,12072,12073,12074,12075,12076,12077,12078,12105,12106,12107,12108,12109,12110,12111,12112,12113,12114,12115,12116,12117,12118,12119,12120,12121,12122,12123,12124,12125
4
5
6
7
8
9
10
11
12,17507,17508,17509,17510,17511,17512,17513,17514,17515,17516,17517,17518,17519,17540,17541,17542,17543,17544,17545,17546,17547,17548,17549,17550,17551,17552,17553,17554,17555,17556,17557,17558,17559,17560,17561,17562,17563,17564,17565,17566,17567,17568,17569,17570,17571,17572,17573,17574,17575,17576,17577,17578,17579,17580,17581,17582,17583,17584,17585,17586,17587,17588,17589,17590,17591,17592,17593,17594,17595,17596,17597,17598,17599,17600,17601,17602,17761,17762,17763,17764,17765,17766,17767,17768,17769,17770,17771,17772,17773,17774,17775,17776,17777,17778,17779,17780,17781,17782,17783,17784,17785,17786,17787,17788,17789,17790,17791,17792,17793,17794,17795,17796,17818,17819,17820,17821,17822,17823,17824,17825,17826,17827,17828,17829,17830,17831,17832,17833,17834,17835,17836,17837,17838,17839,17840,17841,17842,17843,17888,17889,17890,17891,17892,17893,17894,17895,17896,17897,17898,17899,17900,17901,17902,17903,17904,17905,17906,17907,17908,17909,17910,17911,17912,17913,17914,17915,18212,18213,18214,18215,18216,18217,18218,18219,18220,18221,18222,18223,18224,18225,18226,18227,18228,18229,18230,19216,19217,19218,19219,19220,19221,19222,19223,19224,19225,19226,19227,19228,19229,19230,19231,19232,19233,19234,19235,19236,19237,19238,19239,19240,19241,19242,19243,19244,19245,19246,19247,19248,19249,19250,19251,19252,19253,19254,19255,19256,19257,19258,19259,19260,19261,19262,19263,19264,19265,19266,19267,19268,19269,19270,19271,19272,19335,19336,19337,19338,19339,19340,19341,19342,19343,19344,19345,19346,19347,19348,19349,19350,19351,19352,19353,19354,19355,19356,19357,19358,19359,19360,19361,19362,19363,19364,19365,19366,19367,19368,19369,19370,19371,19372,19373,19374,19375,19376,19377,19378,19379,19380,19381,19382,19383,19384,19385,19386,19387,19388,19389,19390,19391,19392,19393,19394,19395,19396,19397,19398,19399,19400,19401,19402,19403,19404,19405,19406,19407,19408,19409,19410,19411,19412,19413,19414,19415,19416,19417,19418,19419,19420,19421,19422,19423,19424,19425,19426,19427,19428,19429,19430,19431,19432,19433,19434,19435,19436,19437,19438,19439,19440,19441,19442,19443,19444,19445,19446,19447,19448,19449,19450,19451,19452,19453,19454,19455,19456,19457,19458,19459,19460,19461,19462,19463,19464,19465,19466,19467,19468,19469,19470,19471,19472,19473,19474,19475,19476,19477,19478,19479,19480,19481,19482,19483,19484,19485,19486,19487,19488,19489,19490,19491,19492,19493,19494,19495,19496,19497,19498,19499,19500,19501,19502,19503,19504,19505,19506,19507,19508,19509,19510,19511,19512,19513,19514,19515,19516,19517,19518,19519,19520,19521,19522,19523,19524,19525,19526,19527,19528,19529,19530,19531,19532,19533,19534,19535,19536,19537,19538,19539,19540,19541,19542,19543,19544,19545,19546,19547,19548,19549,19550,19551,19552,19553,19554,19555,19556,19557,19558,19559,19560,19561,19562,19563,19564,19565,19566,19609,19610,19611,19612,19613,19614,19615,19616,19617,19618,19619,19620,19621,19622,19623,19624,19625,19626,19627,19628,19629,19630,19631,19632,19633,19634,19635,19636,19637,19638,19639,19640,19641,19642,19643,19644,19645,19646,19647,19648,19649,19650,19651,19652,19653,19654,19655,19656,19657,19658,19659,19660,19661,19662,19663,19664,19665,19666,19667,19668,19669,19670,19671,19672,19673,19674,19675,19676,19677,19678,19679,19680,19681,19682,19683,19684,19685,19686,19687,19688,19689,19690,19691,19692,19693,19694,19695,19696,19697
13
14
15
16
17
18
19,61031,61032,61033,61034,61035,61036,61037,61038,61039,61040,61041,61042,61043,61044,61045,61046,61047,61048,61049,61050,61051,61052,61053,61054,61055,61056,61057,61058,61059,61060,61061,61062,61063,61064,61065,61066,61067,61068,61069,61070,61071,61072,61073,61074,61075,61076,61077,61078,61079,61080,61081,61082,61083,61084,61085,61086,61087,61088,61089,61090,61091,61092,61093,61094,61095,61096,61097,61277,61278,61279,61280,61281,61282,61283,61284,61285,61286,61287,61288,61289,63305,63306,63307,63308,63309,63310,63311,63312,63313,63314,63315,63316,63317,63318,63319,63320,63321,63322,63323,63324,63325,63326,63327,63328,63329,63330,63331,63332,63333,63334,63335,63336,63337,63338,63339,63340,63341,63342,63343,63344,63345,63346,63347,63348,63349,63350,63351,63352,63353,63354,63355,63356,63357,63358,63359,63360,63361,63362,63363,63364,63365,63366,63367,63368,63369,63370,66545,66546,66547,66548,66549,66550,66551,66552,66553,66554,66555,66556,66557,66558,66559,66560,66561,66562,66563,66564,66565,66566,66567,66568,66569,66570,66571,66572,66573,66574,66575,66576,66577,66578,66579,66580,66581,66582,66583,66584,66585,66586,66587,66588,66589,66590,66591,66592,66593,66594,66595,66596,66597,66598,66599,66600,66601,66602,66603,66604,66605,66606,66607,66608,66609,66610,66611,66612,66613,66614,66615,66616,66617,66618,66619,66620,66621,66622,66623,66624,66625,66626,66627,66628,66629,66630,66631,66632,66633,66634,66635,66636,66637,66638,66639,66640,66641,66642,66643,66644,66645,66646,66647,66648,66649,66650,66651,66652,66653,66654,66655,66656,66657,66658,66659,66660,66661,66662,66663,66664,66665,66666,66667,66668,66669,66670,66671,66672,66673,66674,66675,66676,66677,66678,66679,66680,66681,66682,66683,66684,66685,66686,66687,66688,66689,66690,66750,66751,66752,66753,66754,66755,66756,66757,66758,66759,66760,66761,66762,66763,66764,66765,66766,66767,69572,69573,69574,69575,69576,69577,69578,69579,69580,69581,69582,69583,69584,69585,69586,69587,69588,69589,69590,69591,69592,69593,69594,69595,69596,69597,69598,69599,69600,69601,69602,69603,69604,69605,69606,69607,69608,69609,69610,69611,69612,69613,69614,69615,69616,69617,69618,69619,69620,69621,69622,69623,69624,69625,69626,69627,69628,69629,69630,69631,69632,69633,69634,69635,69636,69637,69638,69639,69640,69641,69642,69643,69644,69645,69646,69647,69648,69649,69650,69651,69652,69653,69654,69655,69656,69657,69658,69659,69660,69661,69662,69663,69664,69665,69666,69667,69668,69669,69670,69671,69672,69673,69674,69675,69676,69677,69678,69679,69680,69681,69682,69683,69684,69685,69686,69687,69688,69689,69690,69691,69692,69693,69694,69695,69696,69697,69698,69699,69700,69701,69702,69703,69704,69705,69706,69707,69708,69709,69710,69711,69712,69713
20
21
22
23
24
25
